20mA slit:1deg&1deg&0.2mm Monochromator:OFF Ts-Td
20.0     800
20.02    100
20.04    100
20.06    100
20.08    100
20.1     100
20.12    100
20.14    100
20.16    100
20.18    100
20.2     1200
20.22    800
20.24    100
20.26    100
20.28    100
20.3     100
20.32    100
20.34    1600
20.36    100
20.38    100
20.4     100
20.42    100
20.44    100
20.46    100
20.48    100
20.5     100
20.52    100
20.54    800
20.56    100
20.58    100
20.6     100
20.62    100
20.64    800
20.66    1200
20.68    800
20.7     100
20.72    800
20.74    100
20.76    100
20.78    800
20.8     100
20.82    100
20.84    100
20.86    100
20.88    100
20.9     100
20.92    100
20.94    100
20.96    100
20.98    100
21.0     800
21.02    800
21.04    100
21.06    800
21.08    100
21.1     800
21.12    100
21.14    100
21.16    800
21.18    100
21.2     100
21.22    100
21.24    800
21.26    100
21.28    100
21.3     800
21.32    800
21.34    100
21.36    800
21.38    100
21.4     100
21.42    800
21.44    800
21.46    1600
21.48    800
21.5     100
21.52    100
21.54    100
21.56    100
21.58    100
21.6     100
21.62    100
21.64    100
21.66    100
21.68    100
21.7     100
21.72    100
21.74    100
21.76    100
21.78    800
21.8     100
21.82    800
21.84    100
21.86    100
21.88    100
21.9     100
21.92    100
21.94    100
21.96    800
21.98    100
22.0     100
22.02    100
22.04    100
22.06    100
22.08    800
22.1     800
22.12    100
22.14    100
22.16    100
22.18    100
22.2     800
22.22    100
22.24    800
22.26    100
22.28    100
22.3     100
22.32    800
22.34    100
22.36    800
22.38    1200
22.4     100
22.42    100
22.44    100
22.46    100
22.48    100
22.5     100
22.52    100
22.54    800
22.56    100
22.58    800
22.6     100
22.62    100
22.64    100
22.66    800
22.68    100
22.7     100
22.72    100
22.74    800
22.76    800
22.78    100
22.8     100
22.82    800
22.84    800
22.86    100
22.88    100
22.9     100
22.92    100
22.94    800
22.96    100
22.98    100
23.0     1200
23.02    100
23.04    100
23.06    800
23.08    100
23.1     100
23.12    100
23.14    100
23.16    1200
23.18    100
23.2     100
23.22    100
23.24    100
23.26    100
23.28    1200
23.3     100
23.32    800
23.34    100
23.36    100
23.38    100
23.4     100
23.42    100
23.44    100
23.46    800
23.48    100
23.5     800
23.52    100
23.54    100
23.56    100
23.58    800
23.6     100
23.62    800
23.64    100
23.66    100
23.68    800
23.7     100
23.72    100
23.74    1200
23.76    100
23.78    100
23.8     800
23.82    100
23.84    100
23.86    1600
23.88    800
23.9     100
23.92    800
23.94    1200
23.96    800
23.98    100
24.0     800
24.02    800
24.04    800
24.06    100
24.08    100
24.1     100
24.12    100
24.14    800
24.16    100
24.18    100
24.2     100
24.22    100
24.24    100
24.26    100
24.28    100
24.3     100
24.32    1200
24.34    800
24.36    100
24.38    100
24.4     1600
24.42    100
24.44    800
24.46    800
24.48    100
24.5     100
24.52    100
24.54    100
24.56    100
24.58    100
24.6     100
24.62    100
24.64    100
24.66    100
24.68    100
24.7     1200
24.72    100
24.74    1200
24.76    100
24.78    100
24.8     100
24.82    100
24.84    100
24.86    100
24.88    100
24.9     100
24.92    100
24.94    800
24.96    100
24.98    100
25.0     800
25.02    100
25.04    100
25.06    1200
25.08    100
25.1     100
25.12    800
25.14    800
25.16    100
25.18    1200
25.2     100
25.22    800
25.24    100
25.26    100
25.28    100
25.3     100
25.32    100
25.34    800
25.36    100
25.38    800
25.4     100
25.42    100
25.44    800
25.46    100
25.48    100
25.5     100
25.52    100
25.54    800
25.56    1200
25.58    100
25.6     100
25.62    100
25.64    1600
25.66    100
25.68    100
25.7     100
25.72    100
25.74    100
25.76    800
25.78    100
25.8     100
25.82    100
25.84    100
25.86    100
25.88    100
25.9     800
25.92    100
25.94    100
25.96    100
25.98    100
26.0     100
26.02    100
26.04    100
26.06    100
26.08    100
26.1     800
26.12    100
26.14    100
26.16    100
26.18    100
26.2     800
26.22    100
26.24    100
26.26    800
26.28    100
26.3     800
26.32    100
26.34    100
26.36    100
26.38    100
26.4     100
26.42    100
26.44    800
26.46    100
26.48    100
26.5     100
26.52    100
26.54    100
26.56    100
26.58    100
26.6     100
26.62    100
26.64    100
26.66    100
26.68    800
26.7     100
26.72    100
26.74    100
26.76    100
26.78    100
26.8     100
26.82    100
26.84    100
26.86    800
26.88    100
26.9     100
26.92    100
26.94    100
26.96    100
26.98    800
27.0     100
27.02    100
27.04    100
27.06    100
27.08    800
27.1     100
27.12    800
27.14    800
27.16    800
27.18    100
27.2     800
27.22    100
27.24    800
27.26    100
27.28    100
27.3     100
27.32    800
27.34    100
27.36    800
27.38    100
27.4     100
27.42    100
27.44    100
27.46    100
27.48    100
27.5     100
27.52    100
27.54    100
27.56    100
27.58    100
27.6     100
27.62    100
27.64    100
27.66    100
27.68    800
27.7     100
27.72    800
27.74    100
27.76    800
27.78    100
27.8     100
27.82    100
27.84    100
27.86    100
27.88    100
27.9     100
27.92    100
27.94    100
27.96    100
27.98    100
28.0     100
28.02    800
28.04    100
28.06    100
28.08    100
28.1     100
28.12    1200
28.14    100
28.16    800
28.18    100
28.2     100
28.22    100
28.24    100
28.26    800
28.28    100
28.3     100
28.32    100
28.34    100
28.36    100
28.38    1600
28.4     100
28.42    100
28.44    100
28.46    100
28.48    100
28.5     800
28.52    800
28.54    100
28.56    100
28.58    100
28.6     100
28.62    800
28.64    100
28.66    100
28.68    100
28.7     800
28.72    100
28.74    100
28.76    100
28.78    100
28.8     100
28.82    1200
28.84    1200
28.86    100
28.88    100
28.9     100
28.92    100
28.94    800
28.96    100
28.98    1200
29.0     100
29.02    100
29.04    100
29.06    100
29.08    100
29.1     100
29.12    100
29.14    100
29.16    100
29.18    100
29.2     100
29.22    100
29.24    100
29.26    100
29.28    100
29.3     100
29.32    100
29.34    100
29.36    100
29.38    100
29.4     800
29.42    100
29.44    100
29.46    100
29.48    100
29.5     800
29.52    800
29.54    100
29.56    100
29.58    800
29.6     800
29.62    100
29.64    100
29.66    100
29.68    800
29.7     1200
29.72    100
29.74    100
29.76    100
29.78    100
29.8     100
29.82    100
29.84    800
29.86    100
29.88    100
29.9     800
29.92    100
29.94    100
29.96    100
29.98    100
30.0     800
30.02    800
30.04    100
30.06    800
30.08    100
30.1     100
30.12    100
30.14    100
30.16    100
30.18    100
30.2     100
30.22    100
30.24    100
30.26    100
30.28    100
30.3     800
30.32    100
30.34    100
30.36    100
30.38    800
30.4     800
30.42    100
30.44    100
30.46    800
30.48    100
30.5     100
30.52    100
30.54    800
30.56    100
30.58    100
30.6     800
30.62    100
30.64    800
30.66    100
30.68    100
30.7     100
30.72    100
30.74    100
30.76    100
30.78    800
30.8     800
30.82    100
30.84    100
30.86    100
30.88    100
30.9     800
30.92    100
30.94    100
30.96    100
30.98    100
31.0     100
31.02    800
31.04    100
31.06    100
31.08    100
31.1     100
31.12    800
31.14    800
31.16    100
31.18    800
31.2     100
31.22    100
31.24    100
31.26    100
31.28    100
31.3     100
31.32    100
31.34    100
31.36    100
31.38    100
31.4     100
31.42    800
31.44    100
31.46    100
31.48    100
31.5     100
31.52    100
31.54    100
31.56    100
31.58    100
31.6     100
31.62    100
31.64    800
31.66    100
31.68    100
31.7     100
31.72    100
31.74    100
31.76    800
31.78    100
31.8     800
31.82    100
31.84    100
31.86    100
31.88    100
31.9     100
31.92    100
31.94    800
31.96    100
31.98    800
32.0     100
32.02    100
32.04    800
32.06    800
32.08    800
32.1     100
32.12    100
32.14    800
32.16    100
32.18    100
32.2     100
32.22    100
32.24    100
32.26    100
32.28    100
32.3     1200
32.32    800
32.34    100
32.36    100
32.38    800
32.4     1200
32.42    100
32.44    1600
32.46    100
32.48    100
32.5     100
32.52    100
32.54    100
32.56    100
32.58    100
32.6     100
32.62    100
32.64    100
32.66    100
32.68    100
32.7     100
32.72    100
32.74    100
32.76    100
32.78    100
32.8     100
32.82    100
32.84    800
32.86    100
32.88    100
32.9     100
32.92    100
32.94    100
32.96    100
32.98    100
33.0     100
33.02    100
33.04    800
33.06    100
33.08    800
33.1     800
33.12    800
33.14    100
33.16    100
33.18    100
33.2     100
33.22    100
33.24    800
33.26    100
33.28    100
33.3     100
33.32    100
33.34    100
33.36    100
33.38    100
33.4     1200
33.42    100
33.44    100
33.46    100
33.48    100
33.5     100
33.52    100
33.54    100
33.56    800
33.58    100
33.6     100
33.62    100
33.64    100
33.66    100
33.68    100
33.7     800
33.72    100
33.74    100
33.76    100
33.78    1200
33.8     100
33.82    100
33.84    100
33.86    100
33.88    100
33.9     100
33.92    1600
33.94    100
33.96    100
33.98    100
34.0     800
34.02    100
34.04    100
34.06    100
34.08    100
34.1     100
34.12    100
34.14    100
34.16    100
34.18    100
34.2     100
34.22    100
34.24    100
34.26    100
34.28    100
34.3     800
34.32    100
34.34    100
34.36    800
34.38    800
34.4     100
34.42    100
34.44    800
34.46    100
34.48    100
34.5     100
34.52    100
34.54    100
34.56    100
34.58    100
34.6     100
34.62    100
34.64    800
34.66    100
34.68    100
34.7     100
34.72    100
34.74    800
34.76    100
34.78    100
34.8     100
34.82    100
34.84    100
34.86    100
34.88    100
34.9     100
34.92    100
34.94    100
34.96    100
34.98    100
35.0     100
35.02    100
35.04    100
35.06    100
35.08    100
35.1     800
35.12    800
35.14    100
35.16    800
35.18    800
35.2     100
35.22    100
35.24    100
35.26    800
35.28    100
35.3     100
35.32    100
35.34    100
35.36    800
35.38    800
35.4     100
35.42    100
35.44    800
35.46    100
35.48    100
35.5     100
35.52    100
35.54    100
35.56    100
35.58    100
35.6     100
35.62    100
35.64    100
35.66    100
35.68    100
35.7     100
35.72    100
35.74    100
35.76    100
35.78    100
35.8     100
35.82    100
35.84    100
35.86    1200
35.88    100
35.9     100
35.92    100
35.94    100
35.96    100
35.98    100
36.0     100
36.02    100
36.04    800
36.06    100
36.08    100
36.1     100
36.12    800
36.14    800
36.16    100
36.18    100
36.2     800
36.22    100
36.24    100
36.26    100
36.28    100
36.3     800
36.32    100
36.34    100
36.36    800
36.38    100
36.4     100
36.42    100
36.44    100
36.46    100
36.48    800
36.5     100
36.52    100
36.54    1200
36.56    800
36.58    100
36.6     100
36.62    800
36.64    100
36.66    100
36.68    100
36.7     100
36.72    100
36.74    100
36.76    100
36.78    800
36.8     100
36.82    800
36.84    100
36.86    800
36.88    100
36.9     800
36.92    100
36.94    100
36.96    100
36.98    100
37.0     800
37.02    100
37.04    800
37.06    1200
37.08    800
37.1     100
37.12    100
37.14    100
37.16    100
37.18    800
37.2     100
37.22    100
37.24    100
37.26    100
37.28    100
37.3     100
37.32    100
37.34    100
37.36    800
37.38    100
37.4     100
37.42    1200
37.44    100
37.46    800
37.48    800
37.5     100
37.52    100
37.54    800
37.56    100
37.58    800
37.6     800
37.62    100
37.64    100
37.66    100
37.68    100
37.7     800
37.72    100
37.74    100
37.76    800
37.78    100
37.8     100
37.82    100
37.84    800
37.86    800
37.88    800
37.9     1600
37.92    100
37.94    100
37.96    800
37.98    1200
38.0     800
38.02    100
38.04    1200
38.06    800
38.08    1200
38.1     800
38.12    1200
38.14    1200
38.16    1200
38.18    1600
38.2     1600
38.22    1600
38.24    2800
38.26    2800
38.28    3600
38.3     3600
38.32    6000
38.34    6800
38.36    9600
38.38    13600
38.4     16400
38.42    15600
38.44    20000
38.46    20800
38.48    20000
38.5     21200
38.52    18000
38.54    15200
38.56    11200
38.58    11200
38.6     8800
38.62    5600
38.64    5200
38.66    2800
38.68    2000
38.7     2400
38.72    2400
38.74    1600
38.76    1200
38.78    1200
38.8     1600
38.82    1600
38.84    1200
38.86    1600
38.88    1200
38.9     1600
38.92    100
38.94    800
38.96    1200
38.98    800
39.0     1600
39.02    100
39.04    100
39.06    1600
39.08    800
39.1     1200
39.12    800
39.14    100
39.16    800
39.18    800
39.2     1200
39.22    800
39.24    100
39.26    100
39.28    100
39.3     100
39.32    100
39.34    100
39.36    100
39.38    100
39.4     800
39.42    800
39.44    100
39.46    100
39.48    100
39.5     100
39.52    100
39.54    100
39.56    800
39.58    100
39.6     800
39.62    1200
39.64    100
39.66    800
39.68    100
39.7     1200
39.72    100
39.74    800
39.76    100
39.78    100
39.8     100
39.82    100
39.84    100
39.86    800
39.88    100
39.9     100
39.92    800
39.94    100
39.96    100
39.98    100
40.0     800
40.02    800
40.04    800
40.06    100
40.08    800
40.1     800
40.12    100
40.14    100
40.16    800
40.18    100
40.2     100
40.22    100
40.24    100
40.26    100
40.28    800
40.3     100
40.32    100
40.34    800
40.36    100
40.38    100
40.4     800
40.42    1200
40.44    800
40.46    100
40.48    100
40.5     800
40.52    100
40.54    1200
40.56    100
40.58    100
40.6     100
40.62    100
40.64    800
40.66    100
40.68    800
40.7     100
40.72    800
40.74    800
40.76    100
40.78    100
40.8     100
40.82    800
40.84    800
40.86    100
40.88    800
40.9     100
40.92    800
40.94    800
40.96    100
40.98    800
41.0     100
41.02    1200
41.04    100
41.06    800
41.08    100
41.1     800
41.12    800
41.14    100
41.16    100
41.18    800
41.2     800
41.22    100
41.24    100
41.26    100
41.28    100
41.3     100
41.32    800
41.34    800
41.36    100
41.38    100
41.4     100
41.42    800
41.44    100
41.46    100
41.48    100
41.5     1600
41.52    100
41.54    100
41.56    100
41.58    100
41.6     100
41.62    1200
41.64    800
41.66    800
41.68    100
41.7     800
41.72    800
41.74    100
41.76    800
41.78    100
41.8     100
41.82    100
41.84    800
41.86    100
41.88    100
41.9     800
41.92    100
41.94    100
41.96    100
41.98    100
42.0     100
42.02    100
42.04    800
42.06    100
42.08    100
42.1     100
42.12    800
42.14    800
42.16    800
42.18    100
42.2     800
42.22    100
42.24    100
42.26    800
42.28    800
42.3     100
42.32    800
42.34    1200
42.36    800
42.38    100
42.4     1200
42.42    1200
42.44    100
42.46    100
42.48    100
42.5     100
42.52    100
42.54    800
42.56    800
42.58    100
42.6     100
42.62    1200
42.64    100
42.66    100
42.68    100
42.7     800
42.72    800
42.74    100
42.76    100
42.78    100
42.8     800
42.82    100
42.84    100
42.86    800
42.88    100
42.9     100
42.92    800
42.94    100
42.96    100
42.98    800
43.0     100
43.02    100
43.04    100
43.06    100
43.08    100
43.1     100
43.12    800
43.14    800
43.16    100
43.18    800
43.2     100
43.22    100
43.24    100
43.26    800
43.28    800
43.3     100
43.32    800
43.34    100
43.36    100
43.38    1200
43.4     100
43.42    100
43.44    1600
43.46    800
43.48    1200
43.5     100
43.52    100
43.54    800
43.56    800
43.58    800
43.6     1200
43.62    1200
43.64    100
43.66    800
43.68    800
43.7     100
43.72    100
43.74    100
43.76    800
43.78    800
43.8     1200
43.82    800
43.84    100
43.86    100
43.88    100
43.9     800
43.92    1200
43.94    800
43.96    2000
43.98    800
44.0     2000
44.02    1600
44.04    2400
44.06    1200
44.08    1600
44.1     100
44.12    1200
44.14    1200
44.16    2000
44.18    2000
44.2     2000
44.22    1600
44.24    1600
44.26    3200
44.28    2800
44.3     2000
44.32    2800
44.34    2400
44.36    3600
44.38    3200
44.4     2800
44.42    2400
44.44    5200
44.46    5200
44.48    5600
44.5     7200
44.52    8000
44.54    11200
44.56    14400
44.58    16800
44.6     25200
44.62    28400
44.64    32000
44.66    37600
44.68    41200
44.7     42000
44.72    34800
44.74    37200
44.76    32400
44.78    26400
44.8     26400
44.82    19600
44.84    19200
44.86    14000
44.88    10400
44.9     10000
44.92    6400
44.94    4800
44.96    5600
44.98    3200
45.0     3600
45.02    2800
45.04    2800
45.06    2400
45.08    2800
45.1     3200
45.12    1600
45.14    2000
45.16    800
45.18    2000
45.2     800
45.22    100
45.24    800
45.26    1200
45.28    1600
45.3     800
45.32    800
45.34    1200
45.36    800
45.38    100
45.4     800
45.42    800
45.44    100
45.46    1600
45.48    800
45.5     100
45.52    800
45.54    100
45.56    800
45.58    100
45.6     800
45.62    100
45.64    800
45.66    800
45.68    1200
45.7     800
45.72    800
45.74    100
45.76    1200
45.78    100
45.8     800
45.82    800
45.84    100
45.86    1200
45.88    800
45.9     800
45.92    100
45.94    800
45.96    800
45.98    100
46.0     100
46.02    800
46.04    1200
46.06    800
46.08    800
46.1     100
46.12    800
46.14    800
46.16    100
46.18    100
46.2     100
46.22    1200
46.24    100
46.26    100
46.28    100
46.3     100
46.32    800
46.34    100
46.36    100
46.38    100
46.4     100
46.42    100
46.44    100
46.46    800
46.48    800
46.5     100
46.52    100
46.54    800
46.56    100
46.58    800
46.6     100
46.62    100
46.64    100
46.66    100
46.68    100
46.7     100
46.72    100
46.74    100
46.76    800
46.78    1200
46.8     800
46.82    100
46.84    100
46.86    100
46.88    100
46.9     100
46.92    800
46.94    800
46.96    100
46.98    100
47.0     100
47.02    800
47.04    100
47.06    100
47.08    100
47.1     800
47.12    100
47.14    100
47.16    100
47.18    1200
47.2     800
47.22    800
47.24    800
47.26    800
47.28    800
47.3     100
47.32    100
47.34    100
47.36    100
47.38    800
47.4     1200
47.42    800
47.44    100
47.46    800
47.48    100
47.5     100
47.52    800
47.54    800
47.56    100
47.58    100
47.6     100
47.62    100
47.64    100
47.66    100
47.68    100
47.7     800
47.72    100
47.74    100
47.76    100
47.78    100
47.8     100
47.82    100
47.84    100
47.86    100
47.88    800
47.9     100
47.92    800
47.94    100
47.96    800
47.98    800
48.0     100
48.02    100
48.04    100
48.06    100
48.08    1200
48.1     100
48.12    100
48.14    100
48.16    100
48.18    100
48.2     100
48.22    800
48.24    100
48.26    1200
48.28    100
48.3     100
48.32    100
48.34    800
48.36    100
48.38    100
48.4     100
48.42    1200
48.44    100
48.46    100
48.48    100
48.5     100
48.52    100
48.54    100
48.56    100
48.58    800
48.6     100
48.62    100
48.64    100
48.66    100
48.68    800
48.7     100
48.72    800
48.74    100
48.76    100
48.78    100
48.8     100
48.82    100
48.84    100
48.86    100
48.88    1200
48.9     100
48.92    800
48.94    800
48.96    800
48.98    100
49.0     100
49.02    800
49.04    800
49.06    100
49.08    100
49.1     100
49.12    100
49.14    100
49.16    100
49.18    100
49.2     100
49.22    100
49.24    100
49.26    100
49.28    100
49.3     100
49.32    100
49.34    100
49.36    100
49.38    800
49.4     800
49.42    100
49.44    100
49.46    100
49.48    100
49.5     100
49.52    800
49.54    100
49.56    100
49.58    800
49.6     100
49.62    100
49.64    100
49.66    100
49.68    100
49.7     100
49.72    100
49.74    800
49.76    100
49.78    100
49.8     100
49.82    100
49.84    100
49.86    100
49.88    100
49.9     100
49.92    100
49.94    100
49.96    800
49.98    100
50.0     800
50.02    100
50.04    800
50.06    100
50.08    100
50.1     100
50.12    100
50.14    100
50.16    100
50.18    800
50.2     100
50.22    100
50.24    100
50.26    100
50.28    100
50.3     100
50.32    100
50.34    100
50.36    100
50.38    100
50.4     100
50.42    100
50.44    100
50.46    800
50.48    100
50.5     800
50.52    100
50.54    100
50.56    800
50.58    100
50.6     800
50.62    100
50.64    100
50.66    100
50.68    100
50.7     100
50.72    100
50.74    800
50.76    100
50.78    100
50.8     100
50.82    100
50.84    800
50.86    100
50.88    100
50.9     100
50.92    800
50.94    100
50.96    800
50.98    100
51.0     100
51.02    100
51.04    100
51.06    100
51.08    800
51.1     100
51.12    1200
51.14    100
51.16    100
51.18    800
51.2     800
51.22    100
51.24    800
51.26    100
51.28    100
51.3     100
51.32    100
51.34    100
51.36    800
51.38    800
51.4     800
51.42    800
51.44    100
51.46    100
51.48    100
51.5     100
51.52    800
51.54    100
51.56    100
51.58    100
51.6     100
51.62    100
51.64    100
51.66    100
51.68    100
51.7     100
51.72    100
51.74    100
51.76    100
51.78    100
51.8     100
51.82    100
51.84    800
51.86    100
51.88    100
51.9     100
51.92    800
51.94    800
51.96    100
51.98    800
52.0     100
52.02    100
52.04    800
52.06    100
52.08    100
52.1     100
52.12    100
52.14    100
52.16    100
52.18    100
52.2     100
52.22    100
52.24    100
52.26    100
52.28    100
52.3     100
52.32    100
52.34    100
52.36    100
52.38    100
52.4     800
52.42    1200
52.44    100
52.46    100
52.48    100
52.5     100
52.52    1200
52.54    100
52.56    100
52.58    100
52.6     100
52.62    100
52.64    100
52.66    100
52.68    100
52.7     100
52.72    100
52.74    100
52.76    100
52.78    800
52.8     100
52.82    100
52.84    800
52.86    100
52.88    100
52.9     100
52.92    100
52.94    100
52.96    800
52.98    100
53.0     100
53.02    800
53.04    800
53.06    100
53.08    100
53.1     100
53.12    100
53.14    800
53.16    100
53.18    100
53.2     100
53.22    800
53.24    100
53.26    100
53.28    100
53.3     100
53.32    100
53.34    100
53.36    100
53.38    100
53.4     100
53.42    100
53.44    800
53.46    800
53.48    100
53.5     100
53.52    100
53.54    800
53.56    100
53.58    100
53.6     100
53.62    100
53.64    100
53.66    100
53.68    100
53.7     100
53.72    100
53.74    800
53.76    800
53.78    100
53.8     100
53.82    100
53.84    800
53.86    100
53.88    100
53.9     100
53.92    100
53.94    100
53.96    100
53.98    100
54.0     100
54.02    100
54.04    100
54.06    100
54.08    100
54.1     100
54.12    800
54.14    100
54.16    100
54.18    100
54.2     1200
54.22    100
54.24    100
54.26    100
54.28    100
54.3     100
54.32    100
54.34    100
54.36    800
54.38    100
54.4     100
54.42    100
54.44    100
54.46    100
54.48    100
54.5     100
54.52    100
54.54    100
54.56    100
54.58    100
54.6     100
54.62    800
54.64    100
54.66    100
54.68    100
54.7     800
54.72    100
54.74    100
54.76    800
54.78    100
54.8     100
54.82    100
54.84    100
54.86    100
54.88    100
54.9     100
54.92    800
54.94    100
54.96    100
54.98    100
55.0     100
55.02    800
55.04    100
55.06    100
55.08    800
55.1     100
55.12    100
55.14    100
55.16    800
55.18    100
55.2     100
55.22    100
55.24    100
55.26    100
55.28    100
55.3     100
55.32    100
55.34    100
55.36    800
55.38    100
55.4     100
55.42    100
55.44    100
55.46    800
55.48    100
55.5     100
55.52    100
55.54    100
55.56    100
55.58    100
55.6     100
55.62    100
55.64    100
55.66    100
55.68    100
55.7     100
55.72    800
55.74    100
55.76    100
55.78    100
55.8     100
55.82    800
55.84    100
55.86    100
55.88    100
55.9     100
55.92    800
55.94    100
55.96    100
55.98    100
56.0     100
56.02    100
56.04    800
56.06    100
56.08    100
56.1     100
56.12    100
56.14    100
56.16    100
56.18    100
56.2     100
56.22    1600
56.24    100
56.26    100
56.28    100
56.3     100
56.32    100
56.34    100
56.36    800
56.38    100
56.4     100
56.42    100
56.44    800
56.46    800
56.48    100
56.5     100
56.52    100
56.54    800
56.56    100
56.58    100
56.6     100
56.62    100
56.64    100
56.66    100
56.68    100
56.7     800
56.72    100
56.74    100
56.76    1200
56.78    100
56.8     100
56.82    100
56.84    800
56.86    100
56.88    100
56.9     100
56.92    100
56.94    100
56.96    800
56.98    100
57.0     100
57.02    100
57.04    100
57.06    100
57.08    100
57.1     100
57.12    800
57.14    100
57.16    100
57.18    100
57.2     100
57.22    100
57.24    100
57.26    100
57.28    800
57.3     100
57.32    100
57.34    100
57.36    100
57.38    800
57.4     100
57.42    100
57.44    100
57.46    100
57.48    100
57.5     100
57.52    100
57.54    100
57.56    100
57.58    100
57.6     100
57.62    100
57.64    800
57.66    100
57.68    100
57.7     800
57.72    100
57.74    100
57.76    100
57.78    100
57.8     100
57.82    100
57.84    800
57.86    100
57.88    800
57.9     100
57.92    800
57.94    100
57.96    100
57.98    100
58.0     800
58.02    100
58.04    800
58.06    100
58.08    800
58.1     100
58.12    100
58.14    100
58.16    800
58.18    100
58.2     100
58.22    800
58.24    100
58.26    800
58.28    100
58.3     100
58.32    100
58.34    100
58.36    100
58.38    800
58.4     800
58.42    100
58.44    100
58.46    100
58.48    100
58.5     100
58.52    100
58.54    100
58.56    100
58.58    100
58.6     100
58.62    100
58.64    100
58.66    100
58.68    800
58.7     100
58.72    100
58.74    100
58.76    100
58.78    100
58.8     100
58.82    100
58.84    100
58.86    100
58.88    100
58.9     100
58.92    100
58.94    1200
58.96    100
58.98    100
59.0     100
59.02    100
59.04    100
59.06    100
59.08    100
59.1     100
59.12    100
59.14    100
59.16    100
59.18    100
59.2     100
59.22    800
59.24    100
59.26    100
59.28    100
59.3     100
59.32    100
59.34    800
59.36    100
59.38    100
59.4     800
59.42    100
59.44    100
59.46    100
59.48    100
59.5     100
59.52    100
59.54    800
59.56    100
59.58    1200
59.6     100
59.62    100
59.64    100
59.66    800
59.68    100
59.7     100
59.72    100
59.74    100
59.76    800
59.78    100
59.8     100
59.82    100
59.84    100
59.86    100
59.88    100
59.9     800
59.92    100
59.94    100
59.96    100
59.98    100
60.0     100
60.02    100
60.04    100
60.06    100
60.08    100
60.1     100
60.12    100
60.14    100
60.16    100
60.18    100
60.2     100
60.22    100
60.24    100
60.26    100
60.28    100
60.3     100
60.32    100
60.34    1200
60.36    100
60.38    100
60.4     100
60.42    100
60.44    100
60.46    800
60.48    100
60.5     100
60.52    100
60.54    100
60.56    100
60.58    100
60.6     100
60.62    100
60.64    800
60.66    100
60.68    100
60.7     800
60.72    100
60.74    100
60.76    100
60.78    100
60.8     100
60.82    100
60.84    100
60.86    100
60.88    100
60.9     800
60.92    100
60.94    100
60.96    800
60.98    100
61.0     100
61.02    800
61.04    100
61.06    100
61.08    100
61.1     100
61.12    100
61.14    100
61.16    100
61.18    800
61.2     100
61.22    100
61.24    100
61.26    100
61.28    100
61.3     100
61.32    100
61.34    100
61.36    100
61.38    100
61.4     100
61.42    100
61.44    100
61.46    100
61.48    1200
61.5     800
61.52    100
61.54    100
61.56    800
61.58    100
61.6     100
61.62    100
61.64    100
61.66    800
61.68    100
61.7     100
61.72    100
61.74    100
61.76    800
61.78    100
61.8     800
61.82    100
61.84    100
61.86    100
61.88    100
61.9     100
61.92    100
61.94    1200
61.96    100
61.98    100
62.0     100
62.02    800
62.04    100
62.06    100
62.08    100
62.1     100
62.12    100
62.14    800
62.16    100
62.18    100
62.2     100
62.22    100
62.24    800
62.26    100
62.28    100
62.3     800
62.32    800
62.34    100
62.36    100
62.38    100
62.4     100
62.42    100
62.44    100
62.46    100
62.48    800
62.5     100
62.52    100
62.54    100
62.56    800
62.58    100
62.6     100
62.62    800
62.64    100
62.66    100
62.68    800
62.7     1200
62.72    800
62.74    100
62.76    100
62.78    800
62.8     1200
62.82    100
62.84    100
62.86    100
62.88    100
62.9     100
62.92    100
62.94    800
62.96    800
62.98    100
63.0     100
63.02    100
63.04    100
63.06    100
63.08    100
63.1     100
63.12    800
63.14    100
63.16    100
63.18    1200
63.2     100
63.22    100
63.24    100
63.26    100
63.28    100
63.3     100
63.32    800
63.34    100
63.36    100
63.38    100
63.4     800
63.42    100
63.44    100
63.46    100
63.48    100
63.5     1200
63.52    1200
63.54    100
63.56    100
63.58    100
63.6     100
63.62    100
63.64    1200
63.66    100
63.68    100
63.7     100
63.72    800
63.74    100
63.76    100
63.78    100
63.8     100
63.82    100
63.84    100
63.86    100
63.88    100
63.9     100
63.92    100
63.94    800
63.96    100
63.98    1200
64.0     100
64.02    800
64.04    100
64.06    100
64.08    100
64.1     100
64.12    100
64.14    100
64.16    100
64.18    800
64.2     100
64.22    800
64.24    1600
64.26    100
64.28    1200
64.3     800
64.32    100
64.34    100
64.36    800
64.38    800
64.4     100
64.42    100
64.44    100
64.46    800
64.48    100
64.5     800
64.52    1200
64.54    800
64.56    1200
64.58    800
64.6     100
64.62    800
64.64    100
64.66    100
64.68    1200
64.7     100
64.72    800
64.74    1200
64.76    2000
64.78    2000
64.8     1600
64.82    800
64.84    2000
64.86    2800
64.88    1200
64.9     2400
64.92    2800
64.94    2400
64.96    3200
64.98    5200
65.0     3600
65.02    3600
65.04    2800
65.06    4000
65.08    3600
65.1     5600
65.12    3600
65.14    2400
65.16    3200
65.18    3600
65.2     3200
65.22    2400
65.24    3600
65.26    5600
65.28    3200
65.3     3200
65.32    3200
65.34    2400
65.36    2400
65.38    2400
65.4     1200
65.42    1200
65.44    2000
65.46    1200
65.48    1600
65.5     800
65.52    800
65.54    1600
65.56    100
65.58    100
65.6     100
65.62    1200
65.64    100
65.66    800
65.68    1200
65.7     1200
65.72    100
65.74    100
65.76    100
65.78    800
65.8     800
65.82    100
65.84    100
65.86    100
65.88    100
65.9     100
65.92    100
65.94    100
65.96    100
65.98    800
66.0     800
66.02    100
66.04    800
66.06    100
66.08    100
66.1     100
66.12    800
66.14    100
66.16    100
66.18    100
66.2     800
66.22    100
66.24    800
66.26    100
66.28    100
66.3     100
66.32    100
66.34    100
66.36    100
66.38    100
66.4     100
66.42    100
66.44    100
66.46    800
66.48    100
66.5     100
66.52    100
66.54    100
66.56    100
66.58    100
66.6     800
66.62    100
66.64    100
66.66    100
66.68    800
66.7     100
66.72    800
66.74    100
66.76    100
66.78    100
66.8     800
66.82    800
66.84    100
66.86    100
66.88    100
66.9     100
66.92    100
66.94    100
66.96    800
66.98    100
67.0     800
67.02    100
67.04    800
67.06    100
67.08    100
67.1     1200
67.12    100
67.14    800
67.16    800
67.18    100
67.2     100
67.22    100
67.24    100
67.26    100
67.28    100
67.3     100
67.32    100
67.34    100
67.36    100
67.38    100
67.4     100
67.42    800
67.44    800
67.46    800
67.48    100
67.5     100
67.52    100
67.54    800
67.56    800
67.58    100
67.6     100
67.62    100
67.64    100
67.66    100
67.68    800
67.7     100
67.72    100
67.74    100
67.76    100
67.78    800
67.8     100
67.82    800
67.84    100
67.86    100
67.88    100
67.9     100
67.92    100
67.94    100
67.96    100
67.98    1200
68.0     100
68.02    100
68.04    100
68.06    800
68.08    800
68.1     100
68.12    800
68.14    100
68.16    100
68.18    100
68.2     800
68.22    100
68.24    100
68.26    800
68.28    100
68.3     800
68.32    100
68.34    800
68.36    100
68.38    100
68.4     100
68.42    100
68.44    100
68.46    100
68.48    800
68.5     100
68.52    100
68.54    100
68.56    100
68.58    100
68.6     100
68.62    100
68.64    100
68.66    100
68.68    100
68.7     800
68.72    100
68.74    800
68.76    100
68.78    100
68.8     100
68.82    100
68.84    100
68.86    1200
68.88    100
68.9     800
68.92    100
68.94    800
68.96    800
68.98    100
69.0     100
69.02    100
69.04    100
69.06    800
69.08    100
69.1     100
69.12    800
69.14    800
69.16    100
69.18    100
69.2     800
69.22    100
69.24    800
69.26    100
69.28    100
69.3     1200
69.32    100
69.34    100
69.36    100
69.38    800
69.4     100
69.42    100
69.44    800
69.46    100
69.48    800
69.5     100
69.52    800
69.54    100
69.56    100
69.58    100
69.6     800
69.62    800
69.64    800
69.66    100
69.68    100
69.7     100
69.72    100
69.74    100
69.76    100
69.78    100
69.8     1600
69.82    100
69.84    800
69.86    100
69.88    100
69.9     800
69.92    100
69.94    100
69.96    100
69.98    800
70.0     100
70.02    100
70.04    100
70.06    800
70.08    1200
70.1     100
70.12    100
70.14    100
70.16    100
70.18    100
70.2     100
70.22    100
70.24    100
70.26    100
70.28    800
70.3     100
70.32    100
70.34    100
70.36    100
70.38    800
70.4     100
70.42    100
70.44    100
70.46    100
70.48    800
70.5     100
70.52    100
70.54    100
70.56    100
70.58    100
70.6     100
70.62    100
70.64    800
70.66    100
70.68    100
70.7     100
70.72    100
70.74    100
70.76    800
70.78    100
70.8     100
70.82    100
70.84    100
70.86    100
70.88    100
70.9     100
70.92    100
70.94    1200
70.96    100
70.98    100
71.0     100
71.02    100
71.04    100
71.06    100
71.08    100
71.1     100
71.12    800
71.14    1200
71.16    100
71.18    100
71.2     800
71.22    100
71.24    100
71.26    100
71.28    800
71.3     100
71.32    100
71.34    800
71.36    100
71.38    100
71.4     100
71.42    100
71.44    100
71.46    100
71.48    100
71.5     100
71.52    100
71.54    100
71.56    100
71.58    100
71.6     100
71.62    100
71.64    100
71.66    100
71.68    100
71.7     100
71.72    100
71.74    100
71.76    100
71.78    100
71.8     100
71.82    100
71.84    100
71.86    100
71.88    100
71.9     100
71.92    1200
71.94    100
71.96    100
71.98    100
72.0     100
72.02    100
72.04    100
72.06    800
72.08    100
72.1     100
72.12    100
72.14    800
72.16    100
72.18    100
72.2     100
72.22    100
72.24    100
72.26    100
72.28    100
72.3     100
72.32    100
72.34    100
72.36    100
72.38    100
72.4     100
72.42    100
72.44    100
72.46    100
72.48    100
72.5     100
72.52    100
72.54    100
72.56    100
72.58    100
72.6     100
72.62    100
72.64    800
72.66    100
72.68    100
72.7     100
72.72    100
72.74    800
72.76    800
72.78    100
72.8     100
72.82    100
72.84    100
72.86    800
72.88    800
72.9     100
72.92    100
72.94    100
72.96    100
72.98    100
73.0     800
73.02    100
73.04    100
73.06    100
73.08    100
73.1     1200
73.12    100
73.14    100
73.16    100
73.18    100
73.2     100
73.22    100
73.24    100
73.26    100
73.28    100
73.3     100
73.32    100
73.34    800
73.36    100
73.38    100
73.4     100
73.42    800
73.44    100
73.46    100
73.48    100
73.5     100
73.52    800
73.54    100
73.56    100
73.58    800
73.6     100
73.62    100
73.64    100
73.66    100
73.68    100
73.7     100
73.72    100
73.74    100
73.76    100
73.78    100
73.8     100
73.82    100
73.84    100
73.86    100
73.88    100
73.9     100
73.92    800
73.94    100
73.96    100
73.98    100
74.0     100
74.02    800
74.04    100
74.06    100
74.08    100
74.1     100
74.12    100
74.14    100
74.16    100
74.18    100
74.2     100
74.22    100
74.24    100
74.26    800
74.28    100
74.3     100
74.32    100
74.34    100
74.36    1200
74.38    100
74.4     100
74.42    800
74.44    100
74.46    100
74.48    100
74.5     100
74.52    800
74.54    100
74.56    800
74.58    100
74.6     100
74.62    800
74.64    100
74.66    100
74.68    100
74.7     800
74.72    100
74.74    100
74.76    100
74.78    100
74.8     100
74.82    100
74.84    100
74.86    100
74.88    100
74.9     800
74.92    100
74.94    100
74.96    800
74.98    100
75.0     100
75.02    100
75.04    800
75.06    100
75.08    100
75.1     100
75.12    800
75.14    100
75.16    100
75.18    100
75.2     100
75.22    100
75.24    800
75.26    100
75.28    800
75.3     100
75.32    1200
75.34    800
75.36    100
75.38    800
75.4     800
75.42    100
75.44    100
75.46    100
75.48    100
75.5     100
75.52    100
75.54    100
75.56    100
75.58    100
75.6     100
75.62    100
75.64    800
75.66    100
75.68    100
75.7     100
75.72    100
75.74    100
75.76    100
75.78    100
75.8     100
75.82    800
75.84    100
75.86    800
75.88    100
75.9     100
75.92    800
75.94    100
75.96    100
75.98    100
76.0     100
76.02    100
76.04    100
76.06    100
76.08    100
76.1     100
76.12    100
76.14    800
76.16    100
76.18    100
76.2     800
76.22    1200
76.24    100
76.26    800
76.28    100
76.3     100
76.32    100
76.34    100
76.36    100
76.38    800
76.4     1600
76.42    100
76.44    800
76.46    100
76.48    100
76.5     100
76.52    100
76.54    100
76.56    100
76.58    100
76.6     100
76.62    800
76.64    100
76.66    100
76.68    100
76.7     100
76.72    100
76.74    100
76.76    800
76.78    100
76.8     100
76.82    800
76.84    100
76.86    100
76.88    100
76.9     100
76.92    100
76.94    800
76.96    800
76.98    100
77.0     100
77.02    800
77.04    100
77.06    100
77.08    800
77.1     100
77.12    800
77.14    100
77.16    100
77.18    100
77.2     100
77.22    100
77.24    800
77.26    100
77.28    800
77.3     100
77.32    100
77.34    800
77.36    100
77.38    800
77.4     100
77.42    100
77.44    100
77.46    100
77.48    100
77.5     100
77.52    1200
77.54    100
77.56    800
77.58    800
77.6     100
77.62    100
77.64    800
77.66    100
77.68    100
77.7     100
77.72    800
77.74    800
77.76    800
77.78    800
77.8     1600
77.82    800
77.84    800
77.86    1200
77.88    2000
77.9     2000
77.92    800
77.94    2400
77.96    2800
77.98    2000
78.0     1200
78.02    3200
78.04    2400
78.06    2000
78.08    4000
78.1     3200
78.12    4400
78.14    2800
78.16    4000
78.18    4800
78.2     3200
78.22    4000
78.24    1200
78.26    2400
78.28    4000
78.3     3200
78.32    5200
78.34    4400
78.36    2000
78.38    4400
78.4     2400
78.42    2000
78.44    2800
78.46    2400
78.48    2400
78.5     1600
78.52    100
78.54    1600
78.56    2000
78.58    800
78.6     800
78.62    1200
78.64    1600
78.66    1200
78.68    100
78.7     100
78.72    100
78.74    1600
78.76    1200
78.78    800
78.8     100
78.82    800
78.84    800
78.86    100
78.88    100
78.9     800
78.92    800
78.94    100
78.96    1200
78.98    800
79.0     100
79.02    100
79.04    100
79.06    100
79.08    100
79.1     100
79.12    800
79.14    1200
79.16    100
79.18    800
79.2     800
79.22    100
79.24    100
79.26    800
79.28    100
79.3     800
79.32    800
79.34    100
79.36    100
79.38    100
79.4     100
79.42    100
79.44    100
79.46    800
79.48    100
79.5     100
79.52    800
79.54    100
79.56    800
79.58    100
79.6     100
79.62    100
79.64    100
79.66    1200
79.68    100
79.7     100
79.72    100
79.74    100
79.76    100
79.78    100
79.8     100
79.82    100
79.84    100
79.86    100
79.88    100
79.9     800
79.92    800
79.94    100
79.96    100
79.98    100
80.0     100
