Y2O3 Instrument Std.
5.0      48
5.02     48
5.04     48
5.06     46
5.08     45
5.1      46
5.12     44
5.14     47
5.16     44
5.18     44
5.2      43
5.22     43
5.24     44
5.26     44
5.28     50
5.3      45
5.32     46
5.34     47
5.36     46
5.38     44
5.4      44
5.42     44
5.44     44
5.46     43
5.48     43
5.5      46
5.52     42
5.54     44
5.56     41
5.58     45
5.6      44
5.62     42
5.64     39
5.66     38
5.68     43
5.7      45
5.72     40
5.74     40
5.76     41
5.78     40
5.8      40
5.82     38
5.84     44
5.86     42
5.88     38
5.9      43
5.92     39
5.94     39
5.96     38
5.98     39
6.0      36
6.02     39
6.04     40
6.06     41
6.08     38
6.1      39
6.12     36
6.14     36
6.16     34
6.18     40
6.2      40
6.22     39
6.24     39
6.26     37
6.28     40
6.3      35
6.32     39
6.34     34
6.36     40
6.38     37
6.4      38
6.42     32
6.44     36
6.46     33
6.48     38
6.5      36
6.52     36
6.54     36
6.56     36
6.58     40
6.6      36
6.62     40
6.64     37
6.66     37
6.68     29
6.7      37
6.72     33
6.74     33
6.76     39
6.78     32
6.8      37
6.82     33
6.84     32
6.86     32
6.88     32
6.9      34
6.92     30
6.94     35
6.96     35
6.98     34
7.0      35
7.02     31
7.04     31
7.06     32
7.08     34
7.1      35
7.12     33
7.14     30
7.16     31
7.18     32
7.2      30
7.22     32
7.24     35
7.26     35
7.28     33
7.3      29
7.32     30
7.34     32
7.36     32
7.38     30
7.4      32
7.42     32
7.44     32
7.46     30
7.48     30
7.5      33
7.52     30
7.54     31
7.56     33
7.58     31
7.6      31
7.62     30
7.64     29
7.66     31
7.68     30
7.7      33
7.72     30
7.74     31
7.76     32
7.78     28
7.8      30
7.82     28
7.84     32
7.86     31
7.88     31
7.9      29
7.92     26
7.94     32
7.96     28
7.98     29
8.0      29
8.02     28
8.04     32
8.06     31
8.08     29
8.1      27
8.12     31
8.14     27
8.16     26
8.18     28
8.2      25
8.22     29
8.24     29
8.26     28
8.28     29
8.3      28
8.32     26
8.34     26
8.36     26
8.38     27
8.4      22
8.42     28
8.44     26
8.46     28
8.48     28
8.5      27
8.52     27
8.54     27
8.56     27
8.58     25
8.6      30
8.62     24
8.64     27
8.66     26
8.68     28
8.7      28
8.72     27
8.74     27
8.76     28
8.78     24
8.8      25
8.82     29
8.84     26
8.86     26
8.88     25
8.9      28
8.92     24
8.94     28
8.96     26
8.98     28
9.0      28
9.02     25
9.04     29
9.06     28
9.08     24
9.1      26
9.12     24
9.14     25
9.16     26
9.18     23
9.2      23
9.22     25
9.24     24
9.26     24
9.28     24
9.3      24
9.32     25
9.34     25
9.36     26
9.38     25
9.4      27
9.42     25
9.44     25
9.46     22
9.48     24
9.5      26
9.52     23
9.54     24
9.56     24
9.58     23
9.6      22
9.62     26
9.64     20
9.66     25
9.68     23
9.7      23
9.72     23
9.74     19
9.76     23
9.78     21
9.8      25
9.82     20
9.84     21
9.86     21
9.88     23
9.9      21
9.92     23
9.94     25
9.96     23
9.98     22
10.0     24
10.02    21
10.04    22
10.06    21
10.08    21
10.1     23
10.12    24
10.14    22
10.16    21
10.18    23
10.2     23
10.22    22
10.24    22
10.26    23
10.28    22
10.3     23
10.32    21
10.34    24
10.36    22
10.38    24
10.4     26
10.42    22
10.44    21
10.46    20
10.48    21
10.5     23
10.52    19
10.54    20
10.56    21
10.58    23
10.6     25
10.62    21
10.64    21
10.66    21
10.68    19
10.7     21
10.72    24
10.74    21
10.76    21
10.78    19
10.8     21
10.82    22
10.84    19
10.86    21
10.88    24
10.9     21
10.92    20
10.94    19
10.96    23
10.98    21
11.0     20
11.02    19
11.04    20
11.06    20
11.08    20
11.1     19
11.12    20
11.14    20
11.16    20
11.18    23
11.2     23
11.22    20
11.24    20
11.26    21
11.28    20
11.3     17
11.32    20
11.34    18
11.36    16
11.38    20
11.4     22
11.42    20
11.44    19
11.46    19
11.48    20
11.5     18
11.52    19
11.54    20
11.56    17
11.58    18
11.6     19
11.62    18
11.64    19
11.66    18
11.68    17
11.7     20
11.72    17
11.74    21
11.76    20
11.78    16
11.8     21
11.82    20
11.84    20
11.86    20
11.88    17
11.9     20
11.92    18
11.94    17
11.96    17
11.98    17
12.0     17
12.02    19
12.04    20
12.06    17
12.08    17
12.1     20
12.12    17
12.14    20
12.16    17
12.18    21
12.2     17
12.22    16
12.24    17
12.26    18
12.28    18
12.3     18
12.32    17
12.34    18
12.36    17
12.38    19
12.4     18
12.42    17
12.44    18
12.46    16
12.48    17
12.5     16
12.52    18
12.54    17
12.56    17
12.58    19
12.6     19
12.62    15
12.64    19
12.66    16
12.68    16
12.7     16
12.72    15
12.74    15
12.76    15
12.78    18
12.8     17
12.82    18
12.84    18
12.86    17
12.88    15
12.9     17
12.92    18
12.94    17
12.96    16
12.98    16
13.0     15
13.02    17
13.04    19
13.06    17
13.08    16
13.1     17
13.12    16
13.14    17
13.16    16
13.18    14
13.2     15
13.22    18
13.24    15
13.26    17
13.28    14
13.3     17
13.32    16
13.34    16
13.36    14
13.38    16
13.4     17
13.42    17
13.44    14
13.46    17
13.48    14
13.5     17
13.52    17
13.54    17
13.56    16
13.58    15
13.6     15
13.62    17
13.64    13
13.66    16
13.68    17
13.7     16
13.72    13
13.74    15
13.76    16
13.78    16
13.8     15
13.82    16
13.84    14
13.86    15
13.88    15
13.9     16
13.92    15
13.94    15
13.96    18
13.98    15
14.0     16
14.02    13
14.04    16
14.06    18
14.08    18
14.1     16
14.12    13
14.14    17
14.16    16
14.18    15
14.2     16
14.22    16
14.24    14
14.26    15
14.28    12
14.3     17
14.32    14
14.34    14
14.36    16
14.38    17
14.4     13
14.42    14
14.44    17
14.46    15
14.48    17
14.5     16
14.52    17
14.54    15
14.56    12
14.58    15
14.6     15
14.62    14
14.64    15
14.66    15
14.68    15
14.7     15
14.72    15
14.74    16
14.76    15
14.78    13
14.8     14
14.82    14
14.84    14
14.86    14
14.88    15
14.9     15
14.92    14
14.94    13
14.96    14
14.98    15
15.0     16
15.02    14
15.04    15
15.06    16
15.08    15
15.1     15
15.12    13
15.14    13
15.16    14
15.18    13
15.2     16
15.22    15
15.24    14
15.26    15
15.28    11
15.3     14
15.32    16
15.34    15
15.36    13
15.38    13
15.4     12
15.42    15
15.44    12
15.46    14
15.48    14
15.5     15
15.52    13
15.54    14
15.56    14
15.58    14
15.6     13
15.62    14
15.64    16
15.66    13
15.68    14
15.7     14
15.72    12
15.74    16
15.76    13
15.78    16
15.8     13
15.82    13
15.84    13
15.86    13
15.88    14
15.9     15
15.92    13
15.94    15
15.96    14
15.98    13
16.0     11
16.02    13
16.04    14
16.06    12
16.08    13
16.1     14
16.12    15
16.14    12
16.16    14
16.18    12
16.2     14
16.22    14
16.24    13
16.26    13
16.28    13
16.3     12
16.32    15
16.34    15
16.36    16
16.38    16
16.4     13
16.42    13
16.44    13
16.46    13
16.48    17
16.5     14
16.52    15
16.54    13
16.56    14
16.58    18
16.6     15
16.62    18
16.64    21
16.66    20
16.68    28
16.7     32
16.72    31
16.74    38
16.76    31
16.78    27
16.8     25
16.82    16
16.84    14
16.86    16
16.88    13
16.9     15
16.92    13
16.94    13
16.96    13
16.98    13
17.0     12
17.02    14
17.04    12
17.06    13
17.08    13
17.1     13
17.12    14
17.14    12
17.16    10
17.18    13
17.2     13
17.22    13
17.24    12
17.26    12
17.28    12
17.3     14
17.32    12
17.34    11
17.36    12
17.38    14
17.4     12
17.42    11
17.44    12
17.46    12
17.48    13
17.5     12
17.52    14
17.54    13
17.56    12
17.58    14
17.6     11
17.62    13
17.64    14
17.66    13
17.68    12
17.7     10
17.72    11
17.74    13
17.76    11
17.78    12
17.8     11
17.82    11
17.84    11
17.86    12
17.88    11
17.9     11
17.92    13
17.94    12
17.96    13
17.98    12
18.0     12
18.02    11
18.04    10
18.06    11
18.08    13
18.1     11
18.12    11
18.14    12
18.16    13
18.18    13
18.2     11
18.22    12
18.24    11
18.26    12
18.28    13
18.3     12
18.32    12
18.34    12
18.36    11
18.38    13
18.4     11
18.42    11
18.44    11
18.46    11
18.48    13
18.5     13
18.52    11
18.54    12
18.56    12
18.58    11
18.6     13
18.62    10
18.64    12
18.66    10
18.68    13
18.7     12
18.72    11
18.74    10
18.76    13
18.78    10
18.8     12
18.82    11
18.84    11
18.86    9
18.88    11
18.9     10
18.92    10
18.94    11
18.96    13
18.98    12
19.0     10
19.02    10
19.04    11
19.06    10
19.08    11
19.1     11
19.12    11
19.14    11
19.16    13
19.18    10
19.2     12
19.22    10
19.24    12
19.26    11
19.28    12
19.3     10
19.32    12
19.34    14
19.36    11
19.38    11
19.4     9
19.42    12
19.44    12
19.46    10
19.48    12
19.5     11
19.52    11
19.54    11
19.56    11
19.58    12
19.6     12
19.62    14
19.64    12
19.66    12
19.68    11
19.7     13
19.72    11
19.74    13
19.76    11
19.78    12
19.8     13
19.82    12
19.84    13
19.86    14
19.88    13
19.9     13
19.92    13
19.94    17
19.96    15
19.98    16
20.0     14
20.02    16
20.04    16
20.06    20
20.08    19
20.1     21
20.12    25
20.14    23
20.16    26
20.18    31
20.2     35
20.22    38
20.24    44
20.26    53
20.28    62
20.3     72
20.32    85
20.34    105
20.36    135
20.38    177
20.4     223
20.42    272
20.44    378
20.46    511
20.48    726
20.5     920
20.52    1040
20.54    994
20.56    884
20.58    651
20.6     396
20.62    260
20.64    128
20.66    78
20.68    54
20.7     45
20.72    39
20.74    36
20.76    30
20.78    27
20.8     28
20.82    21
20.84    22
20.86    19
20.88    14
20.9     14
20.92    15
20.94    20
20.96    15
20.98    17
21.0     14
21.02    12
21.04    13
21.06    10
21.08    13
21.1     13
21.12    12
21.14    13
21.16    12
21.18    12
21.2     11
21.22    11
21.24    11
21.26    11
21.28    12
21.3     10
21.32    11
21.34    11
21.36    10
21.38    11
21.4     13
21.42    9
21.44    11
21.46    10
21.48    12
21.5     9
21.52    10
21.54    10
21.56    12
21.58    10
21.6     11
21.62    11
21.64    9
21.66    10
21.68    10
21.7     10
21.72    9
21.74    11
21.76    9
21.78    10
21.8     10
21.82    11
21.84    9
21.86    10
21.88    11
21.9     10
21.92    10
21.94    8
21.96    9
21.98    9
22.0     10
22.02    9
22.04    8
22.06    12
22.08    10
22.1     10
22.12    10
22.14    10
22.16    8
22.18    11
22.2     10
22.22    9
22.24    12
22.26    11
22.28    10
22.3     11
22.32    9
22.34    12
22.36    10
22.38    8
22.4     11
22.42    9
22.44    9
22.46    11
22.48    9
22.5     8
22.52    8
22.54    10
22.56    10
22.58    10
22.6     11
22.62    9
22.64    9
22.66    9
22.68    8
22.7     10
22.72    8
22.74    10
22.76    9
22.78    9
22.8     9
22.82    9
22.84    7
22.86    10
22.88    10
22.9     10
22.92    8
22.94    10
22.96    9
22.98    9
23.0     10
23.02    10
23.04    8
23.06    8
23.08    8
23.1     10
23.12    8
23.14    9
23.16    10
23.18    8
23.2     10
23.22    7
23.24    8
23.26    8
23.28    10
23.3     6
23.32    8
23.34    8
23.36    9
23.38    8
23.4     8
23.42    10
23.44    8
23.46    9
23.48    9
23.5     8
23.52    10
23.54    10
23.56    10
23.58    9
23.6     10
23.62    10
23.64    8
23.66    10
23.68    10
23.7     10
23.72    12
23.74    10
23.76    9
23.78    12
23.8     11
23.82    10
23.84    9
23.86    10
23.88    7
23.9     9
23.92    9
23.94    9
23.96    9
23.98    9
24.0     10
24.02    8
24.04    8
24.06    9
24.08    9
24.1     8
24.12    8
24.14    9
24.16    10
24.18    8
24.2     9
24.22    9
24.24    9
24.26    8
24.28    8
24.3     8
24.32    8
24.34    8
24.36    10
24.38    9
24.4     8
24.42    9
24.44    9
24.46    10
24.48    10
24.5     11
24.52    10
24.54    9
24.56    9
24.58    10
24.6     8
24.62    10
24.64    8
24.66    8
24.68    10
24.7     9
24.72    8
24.74    9
24.76    9
24.78    10
24.8     10
24.82    9
24.84    8
24.86    8
24.88    8
24.9     9
24.92    9
24.94    8
24.96    10
24.98    9
25.0     8
25.02    9
25.04    10
25.06    9
25.08    10
25.1     9
25.12    9
25.14    10
25.16    11
25.18    10
25.2     9
25.22    10
25.24    9
25.26    7
25.28    9
25.3     8
25.32    10
25.34    9
25.36    7
25.38    9
25.4     8
25.42    9
25.44    8
25.46    8
25.48    8
25.5     9
25.52    11
25.54    9
25.56    8
25.58    9
25.6     9
25.62    8
25.64    9
25.66    8
25.68    10
25.7     10
25.72    10
25.74    8
25.76    8
25.78    10
25.8     9
25.82    8
25.84    7
25.86    10
25.88    10
25.9     9
25.92    8
25.94    10
25.96    10
25.98    9
26.0     9
26.02    9
26.04    9
26.06    10
26.08    10
26.1     11
26.12    11
26.14    12
26.16    11
26.18    12
26.2     12
26.22    13
26.24    14
26.26    15
26.28    20
26.3     22
26.32    21
26.34    24
26.36    17
26.38    16
26.4     11
26.42    11
26.44    10
26.46    8
26.48    10
26.5     10
26.52    7
26.54    10
26.56    9
26.58    9
26.6     10
26.62    9
26.64    9
26.66    9
26.68    10
26.7     10
26.72    11
26.74    10
26.76    10
26.78    8
26.8     8
26.82    9
26.84    9
26.86    7
26.88    10
26.9     8
26.92    11
26.94    10
26.96    10
26.98    10
27.0     10
27.02    9
27.04    10
27.06    10
27.08    8
27.1     9
27.12    10
27.14    8
27.16    9
27.18    9
27.2     10
27.22    10
27.24    11
27.26    10
27.28    10
27.3     11
27.32    9
27.34    10
27.36    10
27.38    10
27.4     9
27.42    10
27.44    10
27.46    10
27.48    10
27.5     9
27.52    9
27.54    10
27.56    11
27.58    10
27.6     9
27.62    11
27.64    11
27.66    12
27.68    11
27.7     12
27.72    11
27.74    12
27.76    12
27.78    12
27.8     11
27.82    14
27.84    15
27.86    17
27.88    15
27.9     17
27.92    18
27.94    18
27.96    18
27.98    18
28.0     18
28.02    15
28.04    18
28.06    16
28.08    15
28.1     14
28.12    15
28.14    17
28.16    20
28.18    18
28.2     18
28.22    22
28.24    20
28.26    21
28.28    23
28.3     23
28.32    23
28.34    23
28.36    25
28.38    27
28.4     29
28.42    29
28.44    28
28.46    28
28.48    33
28.5     35
28.52    33
28.54    39
28.56    42
28.58    45
28.6     44
28.62    45
28.64    52
28.66    57
28.68    59
28.7     71
28.72    79
28.74    84
28.76    91
28.78    99
28.8     100
28.82    114
28.84    123
28.86    141
28.88    152
28.9     179
28.92    225
28.94    283
28.96    347
28.98    448
29.0     601
29.02    806
29.04    1105
29.06    1523
29.08    2158
29.1     3151
29.12    4644
29.14    6755
29.16    8094
29.18    8260
29.2     7695
29.22    6739
29.24    5157
29.26    3764
29.28    2742
29.3     1711
29.32    906
29.34    514
29.36    359
29.38    278
29.4     237
29.42    201
29.44    180
29.46    154
29.48    130
29.5     111
29.52    95
29.54    86
29.56    70
29.58    68
29.6     59
29.62    51
29.64    50
29.66    46
29.68    39
29.7     38
29.72    38
29.74    34
29.76    36
29.78    33
29.8     33
29.82    28
29.84    28
29.86    27
29.88    26
29.9     26
29.92    23
29.94    22
29.96    22
29.98    23
30.0     23
30.02    20
30.04    19
30.06    20
30.08    18
30.1     17
30.12    17
30.14    17
30.16    18
30.18    18
30.2     16
30.22    15
30.24    18
30.26    15
30.28    14
30.3     15
30.32    16
30.34    14
30.36    16
30.38    15
30.4     16
30.42    15
30.44    16
30.46    17
30.48    16
30.5     15
30.52    15
30.54    11
30.56    13
30.58    11
30.6     13
30.62    14
30.64    12
30.66    13
30.68    9
30.7     11
30.72    12
30.74    10
30.76    11
30.78    11
30.8     10
30.82    12
30.84    11
30.86    10
30.88    10
30.9     10
30.92    9
30.94    10
30.96    10
30.98    11
31.0     11
31.02    11
31.04    10
31.06    12
31.08    10
31.1     11
31.12    10
31.14    11
31.16    10
31.18    11
31.2     10
31.22    8
31.24    11
31.26    10
31.28    10
31.3     10
31.32    10
31.34    11
31.36    11
31.38    12
31.4     12
31.42    13
31.44    15
31.46    15
31.48    15
31.5     20
31.52    30
31.54    37
31.56    42
31.58    40
31.6     37
31.62    30
31.64    24
31.66    24
31.68    20
31.7     15
31.72    12
31.74    11
31.76    10
31.78    11
31.8     8
31.82    9
31.84    9
31.86    8
31.88    11
31.9     9
31.92    10
31.94    9
31.96    8
31.98    10
32.0     10
32.02    9
32.04    10
32.06    10
32.08    10
32.1     8
32.12    10
32.14    11
32.16    10
32.18    9
32.2     8
32.22    10
32.24    10
32.26    11
32.28    9
32.3     9
32.32    9
32.34    11
32.36    10
32.38    12
32.4     10
32.42    11
32.44    11
32.46    9
32.48    9
32.5     9
32.52    9
32.54    10
32.56    11
32.58    10
32.6     8
32.62    9
32.64    11
32.66    11
32.68    10
32.7     11
32.72    10
32.74    11
32.76    11
32.78    10
32.8     12
32.82    12
32.84    10
32.86    13
32.88    13
32.9     13
32.92    13
32.94    15
32.96    14
32.98    14
33.0     12
33.02    15
33.04    13
33.06    13
33.08    14
33.1     15
33.12    12
33.14    16
33.16    16
33.18    15
33.2     17
33.22    16
33.24    16
33.26    18
33.28    20
33.3     21
33.32    23
33.34    23
33.36    28
33.38    27
33.4     28
33.42    29
33.44    29
33.46    34
33.48    34
33.5     38
33.52    46
33.54    44
33.56    56
33.58    64
33.6     79
33.62    109
33.64    147
33.66    189
33.68    249
33.7     379
33.72    518
33.74    799
33.76    1188
33.78    1687
33.8     1907
33.82    1866
33.84    1695
33.86    1452
33.88    1177
33.9     960
33.92    750
33.94    510
33.96    304
33.98    166
34.0     104
34.02    83
34.04    68
34.06    61
34.08    49
34.1     39
34.12    40
34.14    32
34.16    29
34.18    26
34.2     23
34.22    23
34.24    19
34.26    19
34.28    19
34.3     17
34.32    17
34.34    16
34.36    14
34.38    12
34.4     16
34.42    14
34.44    14
34.46    13
34.48    12
34.5     12
34.52    11
34.54    12
34.56    12
34.58    11
34.6     11
34.62    10
34.64    10
34.66    11
34.68    10
34.7     10
34.72    11
34.74    11
34.76    12
34.78    11
34.8     11
34.82    9
34.84    10
34.86    12
34.88    10
34.9     10
34.92    9
34.94    10
34.96    9
34.98    8
35.0     12
35.02    10
35.04    9
35.06    8
35.08    9
35.1     9
35.12    10
35.14    9
35.16    10
35.18    10
35.2     10
35.22    11
35.24    9
35.26    11
35.28    8
35.3     8
35.32    8
35.34    9
35.36    10
35.38    9
35.4     10
35.42    9
35.44    11
35.46    10
35.48    12
35.5     10
35.52    11
35.54    11
35.56    12
35.58    13
35.6     14
35.62    14
35.64    16
35.66    14
35.68    20
35.7     20
35.72    24
35.74    27
35.76    36
35.78    45
35.8     62
35.82    78
35.84    117
35.86    180
35.88    262
35.9     359
35.92    398
35.94    383
35.96    339
35.98    293
36.0     247
36.02    208
36.04    167
36.06    126
36.08    71
36.1     40
36.12    29
36.14    25
36.16    19
36.18    18
36.2     16
36.22    14
36.24    14
36.26    14
36.28    11
36.3     12
36.32    12
36.34    9
36.36    10
36.38    11
36.4     10
36.42    10
36.44    9
36.46    8
36.48    9
36.5     9
36.52    9
36.54    7
36.56    11
36.58    9
36.6     8
36.62    8
36.64    8
36.66    7
36.68    8
36.7     9
36.72    7
36.74    8
36.76    9
36.78    8
36.8     7
36.82    7
36.84    8
36.86    8
36.88    6
36.9     6
36.92    9
36.94    9
36.96    7
36.98    7
37.0     8
37.02    7
37.04    7
37.06    8
37.08    7
37.1     6
37.12    8
37.14    6
37.16    7
37.18    7
37.2     7
37.22    8
37.24    7
37.26    7
37.28    8
37.3     8
37.32    8
37.34    8
37.36    8
37.38    7
37.4     11
37.42    8
37.44    7
37.46    7
37.48    8
37.5     8
37.52    8
37.54    8
37.56    8
37.58    9
37.6     8
37.62    10
37.64    8
37.66    9
37.68    9
37.7     10
37.72    13
37.74    13
37.76    11
37.78    14
37.8     17
37.82    19
37.84    24
37.86    32
37.88    49
37.9     69
37.92    89
37.94    89
37.96    91
37.98    85
38.0     67
38.02    58
38.04    52
38.06    40
38.08    35
38.1     21
38.12    15
38.14    14
38.16    11
38.18    11
38.2     9
38.22    9
38.24    8
38.26    8
38.28    9
38.3     10
38.32    7
38.34    8
38.36    8
38.38    6
38.4     9
38.42    8
38.44    7
38.46    8
38.48    7
38.5     8
38.52    7
38.54    7
38.56    7
38.58    8
38.6     8
38.62    10
38.64    8
38.66    8
38.68    7
38.7     7
38.72    8
38.74    7
38.76    8
38.78    8
38.8     9
38.82    9
38.84    7
38.86    8
38.88    8
38.9     7
38.92    9
38.94    8
38.96    10
38.98    9
39.0     9
39.02    9
39.04    9
39.06    9
39.08    9
39.1     9
39.12    9
39.14    10
39.16    9
39.18    10
39.2     11
39.22    10
39.24    10
39.26    8
39.28    8
39.3     9
39.32    8
39.34    10
39.36    11
39.38    7
39.4     11
39.42    10
39.44    9
39.46    12
39.48    11
39.5     11
39.52    13
39.54    14
39.56    14
39.58    17
39.6     17
39.62    16
39.64    26
39.66    25
39.68    33
39.7     38
39.72    47
39.74    60
39.76    86
39.78    127
39.8     197
39.82    298
39.84    421
39.86    480
39.88    462
39.9     403
39.92    346
39.94    289
39.96    260
39.98    233
40.0     183
40.02    122
40.04    72
40.06    46
40.08    30
40.1     24
40.12    19
40.14    18
40.16    17
40.18    18
40.2     12
40.22    13
40.24    11
40.26    12
40.28    11
40.3     10
40.32    10
40.34    10
40.36    11
40.38    10
40.4     9
40.42    10
40.44    9
40.46    9
40.48    9
40.5     10
40.52    8
40.54    8
40.56    9
40.58    8
40.6     8
40.62    7
40.64    10
40.66    8
40.68    9
40.7     7
40.72    7
40.74    6
40.76    8
40.78    8
40.8     8
40.82    8
40.84    8
40.86    8
40.88    8
40.9     8
40.92    8
40.94    7
40.96    7
40.98    7
41.0     7
41.02    8
41.04    8
41.06    8
41.08    8
41.1     8
41.12    8
41.14    9
41.16    8
41.18    7
41.2     7
41.22    8
41.24    8
41.26    9
41.28    8
41.3     9
41.32    7
41.34    6
41.36    8
41.38    6
41.4     8
41.42    7
41.44    8
41.46    10
41.48    8
41.5     10
41.52    8
41.54    10
41.56    13
41.58    13
41.6     14
41.62    20
41.64    28
41.66    41
41.68    60
41.7     71
41.72    81
41.74    70
41.76    58
41.78    53
41.8     48
41.82    47
41.84    42
41.86    32
41.88    22
41.9     16
41.92    13
41.94    10
41.96    11
41.98    9
42.0     10
42.02    10
42.04    11
42.06    7
42.08    8
42.1     9
42.12    9
42.14    7
42.16    8
42.18    8
42.2     9
42.22    8
42.24    7
42.26    10
42.28    8
42.3     9
42.32    7
42.34    8
42.36    9
42.38    6
42.4     7
42.42    9
42.44    8
42.46    9
42.48    7
42.5     8
42.52    10
42.54    9
42.56    8
42.58    8
42.6     8
42.62    9
42.64    8
42.66    10
42.68    8
42.7     8
42.72    11
42.74    8
42.76    7
42.78    9
42.8     10
42.82    8
42.84    10
42.86    10
42.88    9
42.9     10
42.92    8
42.94    10
42.96    12
42.98    11
43.0     11
43.02    10
43.04    12
43.06    12
43.08    13
43.1     13
43.12    11
43.14    17
43.16    18
43.18    16
43.2     18
43.22    20
43.24    21
43.26    22
43.28    28
43.3     30
43.32    36
43.34    42
43.36    57
43.38    77
43.4     109
43.42    165
43.44    264
43.46    417
43.48    567
43.5     671
43.52    635
43.54    530
43.56    445
43.58    371
43.6     371
43.62    341
43.64    291
43.66    217
43.68    138
43.7     72
43.72    50
43.74    38
43.76    28
43.78    28
43.8     24
43.82    21
43.84    20
43.86    15
43.88    14
43.9     14
43.92    13
43.94    13
43.96    11
43.98    13
44.0     10
44.02    12
44.04    10
44.06    10
44.08    10
44.1     9
44.12    10
44.14    10
44.16    11
44.18    9
44.2     8
44.22    10
44.24    8
44.26    10
44.28    8
44.3     10
44.32    8
44.34    7
44.36    8
44.38    10
44.4     8
44.42    7
44.44    9
44.46    7
44.48    8
44.5     9
44.52    7
44.54    6
44.56    8
44.58    8
44.6     8
44.62    8
44.64    6
44.66    7
44.68    6
44.7     9
44.72    8
44.74    7
44.76    8
44.78    7
44.8     8
44.82    8
44.84    9
44.86    7
44.88    8
44.9     8
44.92    9
44.94    8
44.96    8
44.98    9
45.0     9
45.02    8
45.04    8
45.06    7
45.08    7
45.1     8
45.12    8
45.14    8
45.16    8
45.18    10
45.2     7
45.22    8
45.24    8
45.26    8
45.28    8
45.3     9
45.32    8
45.34    8
45.36    9
45.38    8
45.4     6
45.42    7
45.44    7
45.46    7
45.48    8
45.5     8
45.52    9
45.54    8
45.56    8
45.58    9
45.6     9
45.62    6
45.64    9
45.66    8
45.68    9
45.7     8
45.72    9
45.74    8
45.76    8
45.78    9
45.8     8
45.82    7
45.84    8
45.86    9
45.88    8
45.9     8
45.92    9
45.94    7
45.96    9
45.98    9
46.0     8
46.02    8
46.04    10
46.06    9
46.08    9
46.1     7
46.12    9
46.14    8
46.16    7
46.18    9
46.2     8
46.22    9
46.24    10
46.26    8
46.28    11
46.3     10
46.32    11
46.34    12
46.36    9
46.38    10
46.4     10
46.42    10
46.44    13
46.46    12
46.48    13
46.5     14
46.52    10
46.54    10
46.56    10
46.58    12
46.6     11
46.62    11
46.64    15
46.66    14
46.68    16
46.7     20
46.72    18
46.74    18
46.76    19
46.78    29
46.8     38
46.82    52
46.84    75
46.86    118
46.88    168
46.9     203
46.92    210
46.94    185
46.96    150
46.98    123
47.0     113
47.02    120
47.04    110
47.06    99
47.08    75
47.1     53
47.12    31
47.14    25
47.16    20
47.18    19
47.2     17
47.22    20
47.24    16
47.26    17
47.28    18
47.3     18
47.32    14
47.34    15
47.36    14
47.38    16
47.4     14
47.42    16
47.44    14
47.46    14
47.48    14
47.5     14
47.52    15
47.54    16
47.56    15
47.58    18
47.6     18
47.62    15
47.64    18
47.66    17
47.68    15
47.7     16
47.72    18
47.74    18
47.76    20
47.78    20
47.8     18
47.82    21
47.84    21
47.86    19
47.88    20
47.9     21
47.92    23
47.94    21
47.96    21
47.98    23
48.0     27
48.02    28
48.04    29
48.06    29
48.08    33
48.1     31
48.12    40
48.14    42
48.16    41
48.18    49
48.2     51
48.22    56
48.24    68
48.26    72
48.28    85
48.3     97
48.32    109
48.34    126
48.36    149
48.38    169
48.4     224
48.42    300
48.44    438
48.46    681
48.48    1077
48.5     1761
48.52    2582
48.54    3211
48.56    3233
48.58    2786
48.6     2182
48.62    1659
48.64    1550
48.66    1700
48.68    1674
48.7     1428
48.72    1067
48.74    676
48.76    383
48.78    228
48.8     166
48.82    121
48.84    103
48.86    86
48.88    74
48.9     66
48.92    54
48.94    52
48.96    52
48.98    39
49.0     37
49.02    36
49.04    31
49.06    28
49.08    26
49.1     26
49.12    25
49.14    25
49.16    23
49.18    24
49.2     24
49.22    21
49.24    20
49.26    18
49.28    15
49.3     17
49.32    16
49.34    16
49.36    15
49.38    18
49.4     17
49.42    16
49.44    15
49.46    16
49.48    16
49.5     16
49.52    13
49.54    13
49.56    15
49.58    16
49.6     14
49.62    14
49.64    12
49.66    12
49.68    16
49.7     14
49.72    13
49.74    16
49.76    15
49.78    14
49.8     14
49.82    16
49.84    14
49.86    15
49.88    15
49.9     17
49.92    16
49.94    18
49.96    17
49.98    19
50.0     22
50.02    27
50.04    33
50.06    45
50.08    70
50.1     110
50.12    151
50.14    176
50.16    174
50.18    141
50.2     104
50.22    83
50.24    85
50.26    97
50.28    94
50.3     80
50.32    66
50.34    42
50.36    31
50.38    18
50.4     18
50.42    15
50.44    15
50.46    14
50.48    14
50.5     12
50.52    11
50.54    12
50.56    11
50.58    11
50.6     10
50.62    11
50.64    9
50.66    8
50.68    10
50.7     10
50.72    9
50.74    11
50.76    11
50.78    8
50.8     11
50.82    11
50.84    11
50.86    10
50.88    9
50.9     8
50.92    10
50.94    8
50.96    9
50.98    9
51.0     10
51.02    10
51.04    8
51.06    9
51.08    9
51.1     8
51.12    10
51.14    8
51.16    10
51.18    9
51.2     11
51.22    9
51.24    8
51.26    9
51.28    9
51.3     8
51.32    8
51.34    9
51.36    10
51.38    10
51.4     9
51.42    10
51.44    10
51.46    10
51.48    9
51.5     8
51.52    11
51.54    11
51.56    11
51.58    13
51.6     15
51.62    20
51.64    27
51.66    31
51.68    42
51.7     44
51.72    41
51.74    31
51.76    30
51.78    24
51.8     24
51.82    27
51.84    25
51.86    24
51.88    20
51.9     16
51.92    11
51.94    10
51.96    10
51.98    9
52.0     8
52.02    9
52.04    9
52.06    9
52.08    9
52.1     9
52.12    9
52.14    8
52.16    9
52.18    11
52.2     8
52.22    9
52.24    8
52.26    9
52.28    8
52.3     7
52.32    8
52.34    10
52.36    9
52.38    9
52.4     8
52.42    8
52.44    8
52.46    8
52.48    9
52.5     9
52.52    11
52.54    10
52.56    8
52.58    9
52.6     9
52.62    12
52.64    9
52.66    9
52.68    10
52.7     10
52.72    9
52.74    11
52.76    12
52.78    10
52.8     13
52.82    13
52.84    13
52.86    15
52.88    14
52.9     17
52.92    17
52.94    16
52.96    20
52.98    20
53.0     22
53.02    23
53.04    24
53.06    25
53.08    30
53.1     44
53.12    63
53.14    89
53.16    137
53.18    224
53.2     318
53.22    384
53.24    378
53.26    325
53.28    247
53.3     176
53.32    167
53.34    189
53.36    207
53.38    199
53.4     162
53.42    120
53.44    77
53.46    48
53.48    35
53.5     25
53.52    23
53.54    20
53.56    20
53.58    17
53.6     16
53.62    14
53.64    11
53.66    13
53.68    12
53.7     12
53.72    11
53.74    12
53.76    11
53.78    9
53.8     9
53.82    9
53.84    10
53.86    8
53.88    9
53.9     11
53.92    8
53.94    8
53.96    10
53.98    9
54.0     10
54.02    10
54.04    11
54.06    10
54.08    10
54.1     9
54.12    8
54.14    10
54.16    9
54.18    8
54.2     11
54.22    10
54.24    9
54.26    11
54.28    9
54.3     8
54.32    11
54.34    9
54.36    11
54.38    10
54.4     11
54.42    10
54.44    11
54.46    11
54.48    12
54.5     11
54.52    15
54.54    11
54.56    15
54.58    13
54.6     17
54.62    24
54.64    31
54.66    42
54.68    58
54.7     86
54.72    91
54.74    94
54.76    69
54.78    58
54.8     45
54.82    44
54.84    47
54.86    52
54.88    49
54.9     44
54.92    33
54.94    26
54.96    19
54.98    17
55.0     14
55.02    15
55.04    13
55.06    11
55.08    11
55.1     12
55.12    13
55.14    11
55.16    11
55.18    12
55.2     10
55.22    9
55.24    9
55.26    11
55.28    9
55.3     10
55.32    9
55.34    10
55.36    8
55.38    9
55.4     10
55.42    12
55.44    8
55.46    9
55.48    8
55.5     9
55.52    11
55.54    10
55.56    11
55.58    11
55.6     10
55.62    12
55.64    12
55.66    10
55.68    12
55.7     11
55.72    14
55.74    13
55.76    11
55.78    14
55.8     15
55.82    14
55.84    16
55.86    15
55.88    16
55.9     18
55.92    20
55.94    20
55.96    19
55.98    21
56.0     21
56.02    26
56.04    28
56.06    34
56.08    48
56.1     71
56.12    108
56.14    161
56.16    257
56.18    309
56.2     315
56.22    282
56.24    216
56.26    158
56.28    122
56.3     130
56.32    147
56.34    166
56.36    154
56.38    129
56.4     93
56.42    68
56.44    42
56.46    33
56.48    26
56.5     21
56.52    19
56.54    20
56.56    18
56.58    17
56.6     16
56.62    18
56.64    17
56.66    14
56.68    15
56.7     16
56.72    14
56.74    16
56.76    19
56.78    15
56.8     20
56.82    17
56.84    18
56.86    15
56.88    17
56.9     18
56.92    16
56.94    17
56.96    18
56.98    16
57.0     16
57.02    19
57.04    20
57.06    18
57.08    18
57.1     20
57.12    21
57.14    25
57.16    26
57.18    24
57.2     28
57.22    32
57.24    35
57.26    36
57.28    42
57.3     49
57.32    51
57.34    61
57.36    60
57.38    72
57.4     77
57.42    80
57.44    84
57.46    102
57.48    125
57.5     168
57.52    236
57.54    348
57.56    578
57.58    937
57.6     1476
57.62    1940
57.64    2103
57.66    1915
57.68    1520
57.7     1028
57.72    766
57.74    728
57.76    906
57.78    1065
57.8     1038
57.82    903
57.84    674
57.86    430
57.88    258
57.9     152
57.92    115
57.94    91
57.96    74
57.98    65
58.0     55
58.02    49
58.04    44
58.06    42
58.08    36
58.1     30
58.12    27
58.14    27
58.16    25
58.18    21
58.2     23
58.22    22
58.24    21
58.26    20
58.28    23
58.3     19
58.32    18
58.34    18
58.36    17
58.38    18
58.4     17
58.42    17
58.44    17
58.46    16
58.48    17
58.5     16
58.52    15
58.54    17
58.56    14
58.58    16
58.6     16
58.62    18
58.64    18
58.66    17
58.68    17
58.7     20
58.72    20
58.74    20
58.76    21
58.78    23
58.8     26
58.82    25
58.84    28
58.86    29
58.88    30
58.9     33
58.92    43
58.94    57
58.96    88
58.98    127
59.0     201
59.02    320
59.04    421
59.06    449
59.08    415
59.1     332
59.12    238
59.14    164
59.16    160
59.18    190
59.2     228
59.22    237
59.24    213
59.26    164
59.28    118
59.3     70
59.32    48
59.34    36
59.36    30
59.38    23
59.4     22
59.42    19
59.44    17
59.46    18
59.48    15
59.5     16
59.52    15
59.54    15
59.56    14
59.58    13
59.6     13
59.62    13
59.64    13
59.66    13
59.68    13
59.7     13
59.72    11
59.74    12
59.76    12
59.78    14
59.8     13
59.82    13
59.84    10
59.86    12
59.88    12
59.9     10
59.92    13
59.94    12
59.96    12
59.98    13
60.0     12
60.02    13
60.04    14
60.06    13
60.08    15
60.1     16
60.12    16
60.14    17
60.16    15
60.18    17
60.2     21
60.22    20
60.24    22
60.26    20
60.28    23
60.3     26
60.32    33
60.34    51
60.36    66
60.38    106
60.4     168
60.42    254
60.44    331
60.46    362
60.48    343
60.5     281
60.52    187
60.54    133
60.56    114
60.58    132
60.6     168
60.62    186
60.64    171
60.66    134
60.68    94
60.7     65
60.72    43
60.74    33
60.76    24
60.78    23
60.8     18
60.82    14
60.84    14
60.86    16
60.88    15
60.9     12
60.92    14
60.94    14
60.96    12
60.98    10
61.0     11
61.02    11
61.04    10
61.06    9
61.08    10
61.1     10
61.12    11
61.14    9
61.16    9
61.18    8
61.2     12
61.22    9
61.24    9
61.26    9
61.28    10
61.3     10
61.32    8
61.34    10
61.36    11
61.38    11
61.4     10
61.42    10
61.44    9
61.46    9
61.48    11
61.5     10
61.52    11
61.54    12
61.56    12
61.58    12
61.6     13
61.62    14
61.64    16
61.66    11
61.68    17
61.7     19
61.72    24
61.74    31
61.76    50
61.78    73
61.8     112
61.82    150
61.84    160
61.86    151
61.88    115
61.9     82
61.92    54
61.94    52
61.96    57
61.98    72
62.0     82
62.02    78
62.04    72
62.06    51
62.08    37
62.1     27
62.12    19
62.14    13
62.16    14
62.18    12
62.2     12
62.22    10
62.24    11
62.26    11
62.28    10
62.3     10
62.32    8
62.34    8
62.36    9
62.38    8
62.4     9
62.42    7
62.44    7
62.46    8
62.48    10
62.5     7
62.52    8
62.54    9
62.56    9
62.58    8
62.6     7
62.62    9
62.64    7
62.66    7
62.68    7
62.7     11
62.72    8
62.74    7
62.76    8
62.78    8
62.8     8
62.82    9
62.84    9
62.86    8
62.88    10
62.9     11
62.92    11
62.94    10
62.96    10
62.98    10
63.0     13
63.02    10
63.04    12
63.06    15
63.08    17
63.1     21
63.12    32
63.14    42
63.16    65
63.18    84
63.2     95
63.22    94
63.24    77
63.26    55
63.28    37
63.3     33
63.32    36
63.34    45
63.36    49
63.38    53
63.4     46
63.42    37
63.44    26
63.46    21
63.48    15
63.5     12
63.52    12
63.54    11
63.56    9
63.58    11
63.6     11
63.62    8
63.64    8
63.66    9
63.68    8
63.7     8
63.72    8
63.74    7
63.76    7
63.78    8
63.8     8
63.82    9
63.84    8
63.86    8
63.88    10
63.9     6
63.92    8
63.94    9
63.96    8
63.98    9
64.0     9
64.02    9
64.04    9
64.06    9
64.08    10
64.1     8
64.12    11
64.14    10
64.16    10
64.18    12
64.2     10
64.22    14
64.24    13
64.26    13
64.28    13
64.3     15
64.32    14
64.34    17
64.36    17
64.38    19
64.4     20
64.42    25
64.44    36
64.46    56
64.48    83
64.5     132
64.52    188
64.54    226
64.56    234
64.58    204
64.6     158
64.62    96
64.64    68
64.66    72
64.68    86
64.7     109
64.72    118
64.74    116
64.76    97
64.78    71
64.8     53
64.82    32
64.84    24
64.86    21
64.88    17
64.9     13
64.92    10
64.94    10
64.96    12
64.98    12
65.0     10
65.02    10
65.04    10
65.06    8
65.08    9
65.1     10
65.12    9
65.14    8
65.16    8
65.18    8
65.2     7
65.22    9
65.24    9
65.26    8
65.28    8
65.3     9
65.32    9
65.34    9
65.36    8
65.38    7
65.4     8
65.42    8
65.44    8
65.46    8
65.48    9
65.5     8
65.52    10
65.54    8
65.56    10
65.58    9
65.6     11
65.62    9
65.64    10
65.66    9
65.68    9
65.7     12
65.72    15
65.74    15
65.76    18
65.78    28
65.8     34
65.82    51
65.84    76
65.86    104
65.88    118
65.9     110
65.92    91
65.94    62
65.96    48
65.98    35
66.0     37
66.02    48
66.04    49
66.06    61
66.08    53
66.1     50
66.12    37
66.14    26
66.16    18
66.18    13
66.2     12
66.22    10
66.24    9
66.26    10
66.28    10
66.3     8
66.32    9
66.34    9
66.36    10
66.38    7
66.4     7
66.42    7
66.44    7
66.46    7
66.48    7
66.5     6
66.52    7
66.54    8
66.56    8
66.58    7
66.6     7
66.62    8
66.64    7
66.66    10
66.68    7
66.7     7
66.72    7
66.74    6
66.76    8
66.78    6
66.8     6
66.82    6
66.84    7
66.86    8
66.88    7
66.9     6
66.92    7
66.94    6
66.96    6
66.98    7
67.0     6
67.02    7
67.04    7
67.06    6
67.08    6
67.1     8
67.12    7
67.14    7
67.16    7
67.18    6
67.2     6
67.22    7
67.24    7
67.26    7
67.28    6
67.3     7
67.32    5
67.34    8
67.36    5
67.38    7
67.4     6
67.42    8
67.44    7
67.46    7
67.48    6
67.5     7
67.52    6
67.54    6
67.56    7
67.58    8
67.6     8
67.62    6
67.64    6
67.66    8
67.68    7
67.7     8
67.72    7
67.74    7
67.76    7
67.78    7
67.8     6
67.82    8
67.84    7
67.86    7
67.88    5
67.9     6
67.92    7
67.94    7
67.96    8
67.98    7
68.0     7
68.02    7
68.04    6
68.06    6
68.08    7
68.1     7
68.12    6
68.14    7
68.16    7
68.18    7
68.2     5
68.22    7
68.24    8
68.26    6
68.28    7
68.3     7
68.32    6
68.34    6
68.36    6
68.38    6
68.4     6
68.42    7
68.44    7
68.46    7
68.48    6
68.5     6
68.52    8
68.54    8
68.56    7
68.58    6
68.6     8
68.62    8
68.64    7
68.66    8
68.68    8
68.7     7
68.72    7
68.74    6
68.76    7
68.78    6
68.8     8
68.82    7
68.84    7
68.86    8
68.88    7
68.9     8
68.92    7
68.94    7
68.96    7
68.98    8
69.0     6
69.02    6
69.04    8
69.06    8
69.08    7
69.1     7
69.12    7
69.14    7
69.16    8
69.18    8
69.2     7
69.22    8
69.24    10
69.26    6
69.28    6
69.3     8
69.32    8
69.34    9
69.36    9
69.38    10
69.4     9
69.42    9
69.44    10
69.46    9
69.48    11
69.5     11
69.52    11
69.54    10
69.56    9
69.58    11
69.6     12
69.62    12
69.64    16
69.66    17
69.68    24
69.7     29
69.72    40
69.74    66
69.76    100
69.78    137
69.8     165
69.82    145
69.84    121
69.86    88
69.88    64
69.9     46
69.92    44
69.94    48
69.96    63
69.98    75
70.0     83
70.02    81
70.04    65
70.06    46
70.08    32
70.1     21
70.12    18
70.14    15
70.16    13
70.18    12
70.2     11
70.22    12
70.24    10
70.26    11
70.28    11
70.3     10
70.32    9
70.34    8
70.36    11
70.38    11
70.4     10
70.42    9
70.44    9
70.46    9
70.48    10
70.5     10
70.52    8
70.54    10
70.56    11
70.58    11
70.6     11
70.62    11
70.64    9
70.66    13
70.68    11
70.7     12
70.72    11
70.74    14
70.76    17
70.78    16
70.8     16
70.82    17
70.84    15
70.86    17
70.88    18
70.9     22
70.92    25
70.94    28
70.96    36
70.98    47
71.0     74
71.02    123
71.04    180
71.06    263
71.08    307
71.1     307
71.12    251
71.14    198
71.16    118
71.18    83
71.2     72
71.22    80
71.24    102
71.26    132
71.28    160
71.3     153
71.32    132
71.34    97
71.36    68
71.38    42
71.4     28
71.42    26
71.44    19
71.46    15
71.48    13
71.5     14
71.52    14
71.54    15
71.56    14
71.58    12
71.6     10
71.62    9
71.64    9
71.66    9
71.68    9
71.7     9
71.72    10
71.74    10
71.76    10
71.78    11
71.8     10
71.82    10
71.84    8
71.86    10
71.88    9
71.9     11
71.92    11
71.94    12
71.96    13
71.98    14
72.0     14
72.02    12
72.04    14
72.06    15
72.08    14
72.1     15
72.12    14
72.14    16
72.16    18
72.18    20
72.2     22
72.22    28
72.24    33
72.26    53
72.28    75
72.3     118
72.32    181
72.34    235
72.36    256
72.38    244
72.4     199
72.42    142
72.44    97
72.46    60
72.48    57
72.5     71
72.52    86
72.54    112
72.56    130
72.58    135
72.6     116
72.62    84
72.64    57
72.66    41
72.68    26
72.7     19
72.72    20
72.74    15
72.76    16
72.78    15
72.8     12
72.82    11
72.84    13
72.86    11
72.88    10
72.9     11
72.92    11
72.94    10
72.96    9
72.98    9
73.0     8
73.02    11
73.04    9
73.06    8
73.08    10
73.1     8
73.12    10
73.14    11
73.16    10
73.18    8
73.2     11
73.22    10
73.24    11
73.26    9
73.28    11
73.3     10
73.32    12
73.34    10
73.36    9
73.38    13
73.4     13
73.42    13
73.44    11
73.46    16
73.48    17
73.5     21
73.52    28
73.54    38
73.56    59
73.58    88
73.6     124
73.62    138
73.64    132
73.66    114
73.68    84
73.7     56
73.72    45
73.74    35
73.76    38
73.78    44
73.8     55
73.82    69
73.84    71
73.86    65
73.88    54
73.9     40
73.92    25
73.94    21
73.96    14
73.98    15
74.0     12
74.02    11
74.04    9
74.06    10
74.08    11
74.1     9
74.12    10
74.14    9
74.16    8
74.18    7
74.2     9
74.22    9
74.24    8
74.26    7
74.28    8
74.3     8
74.32    8
74.34    9
74.36    8
74.38    9
74.4     9
74.42    9
74.44    10
74.46    10
74.48    8
74.5     10
74.52    9
74.54    9
74.56    10
74.58    10
74.6     10
74.62    10
74.64    14
74.66    13
74.68    11
74.7     13
74.72    17
74.74    18
74.76    23
74.78    31
74.8     50
74.82    69
74.84    109
74.86    147
74.88    152
74.9     151
74.92    116
74.94    86
74.96    60
74.98    42
75.0     37
75.02    37
75.04    47
75.06    59
75.08    73
75.1     80
75.12    71
75.14    60
75.16    48
75.18    30
75.2     20
75.22    15
75.24    15
75.26    14
75.28    12
75.3     9
75.32    11
75.34    9
75.36    10
75.38    11
75.4     9
75.42    9
75.44    9
75.46    8
75.48    8
75.5     9
75.52    8
75.54    8
75.56    9
75.58    9
75.6     10
75.62    9
75.64    8
75.66    10
75.68    10
75.7     8
75.72    9
75.74    10
75.76    10
75.78    10
75.8     9
75.82    10
75.84    11
75.86    11
75.88    9
75.9     9
75.92    11
75.94    13
75.96    12
75.98    13
76.0     17
76.02    19
76.04    26
76.06    39
76.08    54
76.1     75
76.12    91
76.14    91
76.16    88
76.18    66
76.2     42
76.22    31
76.24    25
76.26    25
76.28    26
76.3     36
76.32    50
76.34    56
76.36    50
76.38    47
76.4     36
76.42    30
76.44    23
76.46    18
76.48    15
76.5     12
76.52    11
76.54    9
76.56    10
76.58    12
76.6     10
76.62    10
76.64    8
76.66    11
76.68    11
76.7     9
76.72    8
76.74    11
76.76    11
76.78    8
76.8     10
76.82    9
76.84    10
76.86    10
76.88    11
76.9     12
76.92    14
76.94    14
76.96    13
76.98    13
77.0     13
77.02    12
77.04    13
77.06    14
77.08    13
77.1     14
77.12    16
77.14    16
77.16    16
77.18    17
77.2     20
77.22    24
77.24    30
77.26    36
77.28    51
77.3     81
77.32    127
77.34    176
77.36    228
77.38    235
77.4     209
77.42    165
77.44    112
77.46    77
77.48    57
77.5     45
77.52    52
77.54    66
77.56    86
77.58    108
77.6     125
77.62    112
77.64    91
77.66    68
77.68    53
77.7     32
77.72    24
77.74    21
77.76    19
77.78    15
77.8     17
77.82    15
77.84    13
77.86    14
77.88    11
77.9     12
77.92    16
77.94    11
77.96    11
77.98    11
78.0     11
78.02    12
78.04    13
78.06    13
78.08    15
78.1     13
78.12    14
78.14    15
78.16    16
78.18    17
78.2     16
78.22    16
78.24    20
78.26    18
78.28    19
78.3     20
78.32    18
78.34    22
78.36    23
78.38    22
78.4     26
78.42    32
78.44    36
78.46    46
78.48    54
78.5     78
78.52    107
78.54    178
78.56    292
78.58    421
78.6     511
78.62    501
78.64    448
78.66    361
78.68    235
78.7     147
78.72    107
78.74    97
78.76    101
78.78    136
78.8     187
78.82    236
78.84    262
78.86    248
78.88    209
78.9     156
78.92    104
78.94    65
78.96    47
78.98    33
79.0     28
79.02    28
79.04    23
79.06    21
79.08    18
79.1     17
79.12    17
79.14    16
79.16    16
79.18    13
79.2     11
79.22    10
79.24    13
79.26    12
79.28    12
79.3     11
79.32    12
79.34    12
79.36    11
79.38    12
79.4     11
79.42    10
79.44    9
79.46    10
79.48    9
79.5     9
79.52    10
79.54    10
79.56    9
79.58    10
79.6     11
79.62    10
79.64    9
79.66    10
79.68    9
79.7     10
79.72    9
79.74    10
79.76    10
79.78    12
79.8     12
79.82    15
79.84    13
79.86    14
79.88    14
79.9     12
79.92    10
79.94    11
79.96    9
79.98    10
80.0     11
80.02    12
80.04    12
80.06    13
80.08    12
80.1     14
80.12    12
80.14    11
80.16    11
80.18    10
80.2     10
80.22    11
80.24    9
80.26    9
80.28    9
80.3     10
80.32    10
80.34    10
80.36    10
80.38    8
80.4     10
80.42    10
80.44    10
80.46    9
80.48    9
80.5     9
80.52    10
80.54    10
80.56    12
80.58    11
80.6     11
80.62    16
80.64    14
80.66    13
80.68    16
80.7     16
80.72    16
80.74    14
80.76    15
80.78    16
80.8     14
80.82    18
80.84    20
80.86    19
80.88    21
80.9     28
80.92    29
80.94    40
80.96    56
80.98    81
81.0     129
81.02    206
81.04    285
81.06    329
81.08    331
81.1     284
81.12    223
81.14    144
81.16    95
81.18    67
81.2     61
81.22    67
81.24    83
81.26    107
81.28    146
81.3     171
81.32    163
81.34    154
81.36    116
81.38    84
81.4     52
81.42    38
81.44    28
81.46    23
81.48    20
81.5     19
81.52    16
81.54    15
81.56    13
81.58    13
81.6     13
81.62    12
81.64    12
81.66    11
81.68    13
81.7     9
81.72    12
81.74    12
81.76    9
81.78    9
81.8     12
81.82    11
81.84    12
81.86    10
81.88    10
81.9     10
81.92    10
81.94    13
81.96    11
81.98    12
82.0     10
82.02    12
82.04    11
82.06    12
82.08    9
82.1     11
82.12    13
82.14    14
82.16    15
82.18    18
82.2     23
82.22    28
82.24    49
82.26    62
82.28    71
82.3     76
82.32    66
82.34    53
82.36    39
82.38    26
82.4     22
82.42    18
82.44    23
82.46    22
82.48    28
82.5     32
82.52    36
82.54    37
82.56    37
82.58    33
82.6     23
82.62    18
82.64    16
82.66    12
82.68    12
82.7     10
82.72    9
82.74    10
82.76    9
82.78    9
82.8     6
82.82    11
82.84    8
82.86    9
82.88    8
82.9     9
82.92    8
82.94    8
82.96    9
82.98    8
83.0     9
83.02    7
83.04    10
83.06    10
83.08    10
83.1     11
83.12    9
83.14    7
83.16    8
83.18    9
83.2     10
83.22    10
83.24    10
83.26    11
83.28    11
83.3     8
83.32    12
83.34    11
83.36    13
83.38    17
83.4     19
83.42    24
83.44    35
83.46    53
83.48    66
83.5     77
83.52    82
83.54    74
83.56    57
83.58    38
83.6     30
83.62    22
83.64    18
83.66    17
83.68    20
83.7     27
83.72    38
83.74    42
83.76    40
83.78    42
83.8     34
83.82    30
83.84    20
83.86    18
83.88    13
83.9     11
83.92    11
83.94    10
83.96    11
83.98    12
84.0     9
84.02    8
84.04    9
84.06    10
84.08    9
84.1     8
84.12    9
84.14    8
84.16    8
84.18    11
84.2     9
84.22    10
84.24    10
84.26    10
84.28    10
84.3     11
84.32    10
84.34    9
84.36    10
84.38    12
84.4     10
84.42    11
84.44    11
84.46    11
84.48    13
84.5     12
84.52    12
84.54    16
84.56    18
84.58    20
84.6     24
84.62    33
84.64    44
84.66    67
84.68    100
84.7     140
84.72    156
84.74    158
84.76    141
84.78    108
84.8     69
84.82    50
84.84    36
84.86    32
84.88    27
84.9     35
84.92    44
84.94    59
84.96    72
84.98    83
85.0     81
85.02    69
85.04    53
85.06    42
85.08    25
85.1     21
85.12    17
85.14    14
85.16    17
85.18    13
85.2     10
85.22    11
85.24    10
85.26    11
85.28    8
85.3     9
85.32    9
85.34    10
85.36    10
85.38    10
85.4     8
85.42    8
85.44    7
85.46    8
85.48    8
85.5     9
85.52    7
85.54    8
85.56    8
85.58    9
85.6     9
85.62    8
85.64    9
85.66    8
85.68    8
85.7     9
85.72    8
85.74    8
85.76    9
85.78    10
85.8     9
85.82    8
85.84    10
85.86    12
85.88    11
85.9     14
85.92    18
85.94    15
85.96    18
85.98    19
86.0     16
86.02    11
86.04    12
86.06    11
86.08    9
86.1     8
86.12    12
86.14    12
86.16    12
86.18    14
86.2     13
86.22    15
86.24    13
86.26    12
86.28    12
86.3     8
86.32    9
86.34    10
86.36    8
86.38    8
86.4     8
86.42    10
86.44    8
86.46    8
86.48    8
86.5     9
86.52    8
86.54    9
86.56    8
86.58    8
86.6     8
86.62    9
86.64    11
86.66    10
86.68    14
86.7     12
86.72    11
86.74    9
86.76    9
86.78    12
86.8     11
86.82    12
86.84    12
86.86    13
86.88    10
86.9     13
86.92    12
86.94    14
86.96    14
86.98    16
87.0     17
87.02    24
87.04    27
87.06    41
87.08    60
87.1     85
87.12    127
87.14    156
87.16    166
87.18    154
87.2     122
87.22    86
87.24    56
87.26    40
87.28    32
87.3     28
87.32    29
87.34    35
87.36    44
87.38    62
87.4     78
87.42    84
87.44    83
87.46    75
87.48    57
87.5     44
87.52    30
87.54    21
87.56    19
87.58    16
87.6     15
87.62    13
87.64    12
87.66    12
87.68    10
87.7     11
87.72    10
87.74    11
87.76    10
87.78    10
87.8     8
87.82    8
87.84    9
87.86    8
87.88    8
87.9     9
87.92    8
87.94    8
87.96    9
87.98    8
88.0     8
88.02    7
88.04    9
88.06    7
88.08    8
88.1     8
88.12    8
88.14    10
88.16    8
88.18    10
88.2     9
88.22    8
88.24    9
88.26    9
88.28    8
88.3     8
88.32    7
88.34    8
88.36    9
88.38    8
88.4     8
88.42    10
88.44    8
88.46    8
88.48    7
88.5     8
88.52    7
88.54    9
88.56    9
88.58    8
88.6     9
88.62    8
88.64    9
88.66    8
88.68    9
88.7     8
88.72    9
88.74    8
88.76    8
88.78    8
88.8     10
88.82    8
88.84    7
88.86    9
88.88    9
88.9     9
88.92    8
88.94    8
88.96    9
88.98    11
89.0     10
89.02    10
89.04    11
89.06    11
89.08    11
89.1     11
89.12    10
89.14    11
89.16    11
89.18    10
89.2     11
89.22    10
89.24    11
89.26    11
89.28    11
89.3     12
89.32    14
89.34    13
89.36    15
89.38    16
89.4     18
89.42    22
89.44    26
89.46    30
89.48    44
89.5     65
89.52    102
89.54    130
89.56    168
89.58    173
89.6     161
89.62    125
89.64    93
89.66    66
89.68    42
89.7     33
89.72    31
89.74    32
89.76    33
89.78    41
89.8     53
89.82    74
89.84    84
89.86    89
89.88    81
89.9     70
89.92    51
89.94    41
89.96    27
89.98    22
90.0     19
90.02    17
90.04    15
90.06    13
90.08    15
90.1     13
90.12    13
90.14    13
90.16    13
90.18    13
90.2     15
90.22    15
90.24    15
90.26    17
90.28    16
90.3     13
90.32    15
90.34    16
90.36    13
90.38    14
90.4     15
90.42    18
90.44    14
90.46    15
90.48    16
90.5     20
90.52    20
90.54    18
90.56    24
90.58    27
90.6     28
90.62    39
90.64    37
90.66    52
90.68    71
90.7     115
90.72    173
90.74    242
90.76    328
90.78    364
90.8     353
90.82    300
90.84    209
90.86    146
90.88    97
90.9     73
90.92    58
90.94    54
90.96    53
90.98    70
91.0     87
91.02    114
91.04    155
91.06    181
91.08    178
91.1     159
91.12    125
91.14    93
91.16    60
91.18    42
91.2     34
91.22    29
91.24    21
91.26    21
91.28    21
91.3     17
91.32    17
91.34    16
91.36    17
91.38    12
91.4     15
91.42    13
91.44    15
91.46    13
91.48    13
91.5     13
91.52    14
91.54    12
91.56    14
91.58    12
91.6     13
91.62    14
91.64    13
91.66    14
91.68    13
91.7     13
91.72    12
91.74    13
91.76    16
91.78    16
91.8     16
91.82    20
91.84    22
91.86    26
91.88    32
91.9     48
91.92    72
91.94    102
91.96    144
91.98    154
92.0     158
92.02    144
92.04    124
92.06    84
92.08    57
92.1     40
92.12    36
92.14    28
92.16    31
92.18    32
92.2     38
92.22    45
92.24    63
92.26    73
92.28    87
92.3     85
92.32    73
92.34    58
92.36    48
92.38    29
92.4     21
92.42    20
92.44    13
92.46    14
92.48    14
92.5     13
92.52    13
92.54    11
92.56    13
92.58    13
92.6     11
92.62    10
92.64    12
92.66    12
92.68    10
92.7     11
92.72    13
92.74    12
92.76    12
92.78    11
92.8     10
92.82    9
92.84    10
92.86    11
92.88    11
92.9     12
92.92    14
92.94    15
92.96    14
92.98    13
93.0     15
93.02    15
93.04    13
93.06    16
93.08    22
93.1     28
93.12    40
93.14    60
93.16    84
93.18    100
93.2     100
93.22    105
93.24    91
93.26    62
93.28    45
93.3     32
93.32    27
93.34    22
93.36    22
93.38    23
93.4     27
93.42    29
93.44    35
93.46    45
93.48    52
93.5     59
93.52    57
93.54    44
93.56    36
93.58    29
93.6     20
93.62    20
93.64    14
93.66    14
93.68    12
93.7     13
93.72    11
93.74    10
93.76    11
93.78    10
93.8     11
93.82    9
93.84    12
93.86    10
93.88    11
93.9     7
93.92    8
93.94    10
93.96    11
93.98    9
94.0     9
94.02    11
94.04    9
94.06    9
94.08    10
94.1     12
94.12    10
94.14    10
94.16    10
94.18    11
94.2     11
94.22    13
94.24    11
94.26    14
94.28    15
94.3     17
94.32    21
94.34    28
94.36    36
94.38    47
94.4     60
94.42    61
94.44    51
94.46    44
94.48    34
94.5     26
94.52    19
94.54    14
94.56    13
94.58    14
94.6     17
94.62    17
94.64    17
94.66    24
94.68    26
94.7     36
94.72    33
94.74    33
94.76    27
94.78    22
94.8     17
94.82    15
94.84    14
94.86    11
94.88    12
94.9     10
94.92    11
94.94    10
94.96    12
94.98    11
95.0     12
95.02    12
95.04    10
95.06    12
95.08    12
95.1     13
95.12    12
95.14    14
95.16    12
95.18    12
95.2     12
95.22    11
95.24    13
95.26    11
95.28    12
95.3     16
95.32    14
95.34    15
95.36    16
95.38    16
95.4     18
95.42    18
95.44    18
95.46    25
95.48    29
95.5     37
95.52    51
95.54    67
95.56    100
95.58    151
95.6     201
95.62    227
95.64    222
95.66    194
95.68    141
95.7     102
95.72    71
95.74    56
95.76    40
95.78    34
95.8     33
95.82    34
95.84    43
95.86    52
95.88    67
95.9     88
95.92    107
95.94    113
95.96    106
95.98    93
96.0     73
96.02    52
96.04    39
96.06    29
96.08    23
96.1     20
96.12    18
96.14    17
96.16    13
96.18    14
96.2     13
96.22    13
96.24    12
96.26    12
96.28    14
96.3     12
96.32    11
96.34    10
96.36    10
96.38    12
96.4     13
96.42    10
96.44    13
96.46    10
96.48    9
96.5     11
96.52    12
96.54    12
96.56    13
96.58    9
96.6     12
96.62    11
96.64    11
96.66    14
96.68    14
96.7     14
96.72    18
96.74    17
96.76    29
96.78    35
96.8     48
96.82    54
96.84    64
96.86    64
96.88    55
96.9     45
96.92    34
96.94    24
96.96    21
96.98    18
97.0     15
97.02    16
97.04    14
97.06    16
97.08    20
97.1     22
97.12    27
97.14    35
97.16    37
97.18    33
97.2     32
97.22    27
97.24    22
97.26    17
97.28    20
97.3     14
97.32    12
97.34    14
97.36    13
97.38    10
97.4     14
97.42    12
97.44    12
97.46    12
97.48    13
97.5     13
97.52    13
97.54    13
97.56    16
97.58    13
97.6     13
97.62    13
97.64    12
97.66    15
97.68    14
97.7     17
97.72    14
97.74    14
97.76    16
97.78    18
97.8     19
97.82    21
97.84    22
97.86    23
97.88    27
97.9     35
97.92    38
97.94    51
97.96    64
97.98    99
98.0     147
98.02    209
98.04    275
98.06    303
98.08    283
98.1     245
98.12    182
98.14    130
98.16    90
98.18    65
98.2     53
98.22    46
98.24    40
98.26    41
98.28    46
98.3     61
98.32    75
98.34    100
98.36    123
98.38    152
98.4     144
98.42    141
98.44    108
98.46    77
98.48    62
98.5     44
98.52    35
98.54    26
98.56    24
98.58    20
98.6     19
98.62    19
98.64    15
98.66    17
98.68    14
98.7     16
98.72    18
98.74    15
98.76    14
98.78    13
98.8     15
98.82    14
98.84    13
98.86    13
98.88    14
98.9     13
98.92    12
98.94    15
98.96    15
98.98    14
99.0     16
99.02    14
99.04    15
99.06    19
99.08    19
99.1     22
99.12    24
99.14    30
99.16    37
99.18    49
99.2     62
99.22    97
99.24    135
99.26    175
99.28    194
99.3     205
99.32    175
99.34    136
99.36    99
99.38    70
99.4     49
99.42    42
99.44    32
99.46    31
99.48    30
99.5     32
99.52    37
99.54    45
99.56    60
99.58    76
99.6     95
99.62    102
99.64    96
99.66    89
99.68    67
99.7     50
99.72    32
99.74    28
99.76    23
99.78    16
99.8     19
99.82    16
99.84    15
99.86    14
99.88    11
99.9     14
99.92    13
99.94    11
99.96    11
99.98    11
100.0    10
100.02   10
100.04   11
100.06   10
100.08   9
100.1    9
100.12   9
100.14   11
100.16   10
100.18   10
100.2    11
100.22   10
100.24   8
100.26   11
100.28   9
100.3    9
100.32   8
100.34   8
100.36   11
100.38   10
100.4    9
100.42   8
100.44   9
100.46   10
100.48   10
100.5    7
100.52   8
100.54   9
100.56   9
100.58   9
100.6    10
100.62   8
100.64   9
100.66   9
100.68   10
100.7    10
100.72   9
100.74   9
100.76   10
100.78   9
100.8    10
100.82   10
100.84   8
100.86   9
100.88   8
100.9    9
100.92   9
100.94   11
100.96   10
100.98   10
101.0    9
101.02   9
101.04   10
101.06   9
101.08   10
101.1    9
101.12   10
101.14   10
101.16   11
101.18   10
101.2    10
101.22   9
101.24   9
101.26   10
101.28   9
101.3    11
101.32   11
101.34   11
101.36   11
101.38   11
101.4    11
101.42   10
101.44   13
101.46   10
101.48   14
101.5    15
101.52   16
101.54   16
101.56   19
101.58   19
101.6    24
101.62   32
101.64   34
101.66   54
101.68   73
101.7    105
101.72   138
101.74   157
101.76   166
101.78   139
101.8    108
101.82   86
101.84   57
101.86   45
101.88   35
101.9    28
101.92   24
101.94   27
101.96   24
101.98   27
102.0    30
102.02   39
102.04   49
102.06   67
102.08   74
102.1    84
102.12   76
102.14   65
102.16   49
102.18   40
102.2    31
102.22   26
102.24   19
102.26   18
102.28   17
102.3    15
102.32   14
102.34   13
102.36   17
102.38   13
102.4    12
102.42   14
102.44   12
102.46   13
102.48   11
102.5    11
102.52   12
102.54   13
102.56   13
102.58   11
102.6    13
102.62   13
102.64   13
102.66   13
102.68   15
102.7    16
102.72   17
102.74   16
102.76   18
102.78   19
102.8    21
102.82   22
102.84   27
102.86   32
102.88   39
102.9    61
102.92   84
102.94   116
102.96   150
102.98   171
103.0    175
103.02   157
103.04   121
103.06   89
103.08   64
103.1    46
103.12   36
103.14   29
103.16   29
103.18   26
103.2    29
103.22   28
103.24   33
103.26   40
103.28   50
103.3    65
103.32   73
103.34   89
103.36   85
103.38   79
103.4    62
103.42   50
103.44   33
103.46   28
103.48   22
103.5    20
103.52   18
103.54   19
103.56   15
103.58   14
103.6    15
103.62   13
103.64   11
103.66   13
103.68   13
103.7    12
103.72   13
103.74   12
103.76   11
103.78   11
103.8    12
103.82   12
103.84   13
103.86   11
103.88   15
103.9    13
103.92   13
103.94   13
103.96   14
103.98   13
104.0    15
104.02   16
104.04   16
104.06   20
104.08   22
104.1    24
104.12   35
104.14   48
104.16   65
104.18   88
104.2    118
104.22   120
104.24   130
104.26   122
104.28   97
104.3    68
104.32   52
104.34   38
104.36   33
104.38   26
104.4    24
104.42   24
104.44   20
104.46   20
104.48   24
104.5    29
104.52   34
104.54   48
104.56   51
104.58   63
104.6    64
104.62   66
104.64   61
104.66   44
104.68   35
104.7    27
104.72   23
104.74   18
104.76   18
104.78   14
104.8    15
104.82   16
104.84   15
104.86   15
104.88   14
104.9    14
104.92   13
104.94   13
104.96   11
104.98   13
105.0    13
105.02   9
105.04   11
105.06   13
105.08   11
105.1    12
105.12   10
105.14   13
105.16   14
105.18   13
105.2    15
105.22   15
105.24   16
105.26   18
105.28   17
105.3    20
105.32   26
105.34   25
105.36   35
105.38   42
105.4    59
105.42   86
105.44   114
105.46   140
105.48   162
105.5    151
105.52   131
105.54   104
105.56   77
105.58   54
105.6    43
105.62   34
105.64   25
105.66   23
105.68   25
105.7    23
105.72   28
105.74   28
105.76   35
105.78   40
105.8    50
105.82   68
105.84   72
105.86   75
105.88   74
105.9    61
105.92   46
105.94   44
105.96   34
105.98   24
106.0    22
106.02   18
106.04   17
106.06   16
106.08   16
106.1    14
106.12   13
106.14   12
106.16   14
106.18   11
106.2    12
106.22   11
106.24   12
106.26   11
106.28   14
106.3    11
106.32   12
106.34   13
106.36   14
106.38   12
106.4    11
106.42   12
106.44   12
106.46   13
106.48   14
106.5    14
106.52   16
106.54   18
106.56   16
106.58   20
106.6    21
106.62   28
106.64   34
106.66   51
106.68   73
106.7    95
106.72   118
106.74   135
106.76   125
106.78   113
106.8    88
106.82   60
106.84   47
106.86   36
106.88   31
106.9    26
106.92   22
106.94   22
106.96   18
106.98   22
107.0    21
107.02   25
107.04   32
107.06   39
107.08   51
107.1    58
107.12   65
107.14   63
107.16   59
107.18   48
107.2    38
107.22   30
107.24   25
107.26   18
107.28   16
107.3    14
107.32   12
107.34   12
107.36   11
107.38   12
107.4    10
107.42   10
107.44   11
107.46   11
107.48   12
107.5    9
107.52   8
107.54   9
107.56   11
107.58   11
107.6    9
107.62   9
107.64   9
107.66   10
107.68   10
107.7    9
107.72   9
107.74   8
107.76   9
107.78   9
107.8    8
107.82   9
107.84   9
107.86   9
107.88   9
107.9    10
107.92   9
107.94   8
107.96   9
107.98   9
108.0    11
108.02   8
108.04   9
108.06   9
108.08   8
108.1    9
108.12   10
108.14   8
108.16   8
108.18   8
108.2    7
108.22   9
108.24   7
108.26   9
108.28   9
108.3    9
108.32   8
108.34   9
108.36   10
108.38   9
108.4    8
108.42   9
108.44   9
108.46   9
108.48   9
108.5    8
108.52   9
108.54   10
108.56   11
108.58   8
108.6    8
108.62   9
108.64   12
108.66   8
108.68   10
108.7    10
108.72   11
108.74   10
108.76   11
108.78   10
108.8    12
108.82   9
108.84   9
108.86   10
108.88   10
108.9    12
108.92   10
108.94   12
108.96   11
108.98   12
109.0    10
109.02   14
109.04   14
109.06   14
109.08   15
109.1    20
109.12   22
109.14   24
109.16   30
109.18   40
109.2    53
109.22   72
109.24   100
109.26   132
109.28   145
109.3    143
109.32   131
109.34   95
109.36   78
109.38   59
109.4    41
109.42   31
109.44   30
109.46   22
109.48   23
109.5    21
109.52   20
109.54   23
109.56   23
109.58   28
109.6    37
109.62   38
109.64   57
109.66   67
109.68   72
109.7    75
109.72   67
109.74   56
109.76   45
109.78   34
109.8    27
109.82   22
109.84   21
109.86   15
109.88   17
109.9    16
109.92   13
109.94   13
109.96   12
109.98   12
110.0    13
110.02   9
110.04   11
110.06   9
110.08   11
110.1    11
110.12   10
110.14   9
110.16   13
110.18   12
110.2    12
110.22   12
110.24   11
110.26   12
110.28   13
110.3    11
110.32   14
110.34   14
110.36   14
110.38   15
110.4    14
110.42   16
110.44   19
110.46   23
110.48   30
110.5    39
110.52   57
110.54   74
110.56   77
110.58   85
110.6    78
110.62   66
110.64   53
110.66   39
110.68   29
110.7    23
110.72   22
110.74   18
110.76   16
110.78   15
110.8    14
110.82   19
110.84   15
110.86   16
110.88   20
110.9    24
110.92   32
110.94   36
110.96   44
110.98   48
111.0    44
111.02   37
111.04   33
111.06   28
111.08   23
111.1    19
111.12   16
111.14   13
111.16   13
111.18   14
111.2    10
111.22   11
111.24   10
111.26   11
111.28   10
111.3    11
111.32   8
111.34   8
111.36   10
111.38   9
111.4    9
111.42   9
111.44   9
111.46   8
111.48   9
111.5    9
111.52   8
111.54   9
111.56   9
111.58   8
111.6    9
111.62   9
111.64   8
111.66   10
111.68   8
111.7    8
111.72   8
111.74   8
111.76   8
111.78   8
111.8    8
111.82   7
111.84   7
111.86   8
111.88   8
111.9    8
111.92   9
111.94   10
111.96   8
111.98   8
112.0    8
112.02   9
112.04   7
112.06   7
112.08   9
112.1    9
112.12   6
112.14   7
112.16   9
112.18   8
112.2    8
112.22   9
112.24   7
112.26   8
112.28   8
112.3    8
112.32   9
112.34   9
112.36   8
112.38   7
112.4    9
112.42   10
112.44   9
112.46   10
112.48   9
112.5    9
112.52   11
112.54   8
112.56   9
112.58   9
112.6    10
112.62   10
112.64   10
112.66   10
112.68   10
112.7    10
112.72   10
112.74   10
112.76   10
112.78   8
112.8    10
112.82   12
112.84   13
112.86   11
112.88   12
112.9    9
112.92   11
112.94   12
112.96   14
112.98   15
113.0    17
113.02   16
113.04   19
113.06   20
113.08   31
113.1    38
113.12   48
113.14   65
113.16   76
113.18   86
113.2    75
113.22   71
113.24   56
113.26   40
113.28   33
113.3    27
113.32   25
113.34   19
113.36   15
113.38   17
113.4    16
113.42   13
113.44   16
113.46   15
113.48   16
113.5    18
113.52   22
113.54   26
113.56   31
113.58   37
113.6    45
113.62   44
113.64   43
113.66   33
113.68   32
113.7    23
113.72   23
113.74   17
113.76   16
113.78   14
113.8    14
113.82   12
113.84   13
113.86   14
113.88   12
113.9    12
113.92   11
113.94   11
113.96   13
113.98   10
114.0    12
114.02   12
114.04   11
114.06   11
114.08   12
114.1    13
114.12   13
114.14   10
114.16   11
114.18   14
114.2    13
114.22   13
114.24   13
114.26   15
114.28   15
114.3    16
114.32   19
114.34   18
114.36   27
114.38   32
114.4    46
114.42   56
114.44   72
114.46   94
114.48   111
114.5    126
114.52   120
114.54   109
114.56   87
114.58   64
114.6    52
114.62   35
114.64   31
114.66   24
114.68   26
114.7    23
114.72   20
114.74   19
114.76   21
114.78   21
114.8    21
114.82   23
114.84   30
114.86   36
114.88   40
114.9    52
114.92   59
114.94   60
114.96   65
114.98   59
115.0    51
115.02   35
115.04   33
115.06   23
115.08   23
115.1    19
115.12   14
115.14   15
115.16   14
115.18   13
115.2    12
115.22   12
115.24   12
115.26   12
115.28   14
115.3    10
115.32   11
115.34   10
115.36   11
115.38   11
115.4    10
115.42   11
115.44   8
115.46   12
115.48   12
115.5    11
115.52   11
115.54   11
115.56   13
115.58   14
115.6    13
115.62   13
115.64   13
115.66   14
115.68   17
115.7    17
115.72   20
115.74   22
115.76   29
115.78   35
115.8    54
115.82   57
115.84   64
115.86   57
115.88   48
115.9    39
115.92   33
115.94   29
115.96   19
115.98   20
116.0    18
116.02   15
116.04   13
116.06   13
116.08   14
116.1    14
116.12   15
116.14   14
116.16   17
116.18   16
116.2    17
116.22   24
116.24   26
116.26   32
116.28   33
116.3    33
116.32   33
116.34   29
116.36   25
116.38   22
116.4    18
116.42   17
116.44   16
116.46   13
116.48   14
116.5    10
116.52   15
116.54   12
116.56   12
116.58   12
116.6    13
116.62   12
116.64   13
116.66   10
116.68   14
116.7    11
116.72   10
116.74   12
116.76   9
116.78   11
116.8    13
116.82   13
116.84   11
116.86   12
116.88   13
116.9    14
116.92   14
116.94   13
116.96   16
116.98   17
117.0    15
117.02   19
117.04   22
117.06   28
117.08   33
117.1    45
117.12   55
117.14   76
117.16   86
117.18   102
117.2    110
117.22   97
117.24   80
117.26   69
117.28   52
117.3    40
117.32   31
117.34   27
117.36   27
117.38   21
117.4    21
117.42   19
117.44   17
117.46   17
117.48   20
117.5    18
117.52   19
117.54   21
117.56   24
117.58   30
117.6    40
117.62   45
117.64   51
117.66   55
117.68   52
117.7    48
117.72   40
117.74   31
117.76   26
117.78   23
117.8    21
117.82   18
117.84   16
117.86   17
117.88   17
117.9    15
117.92   18
117.94   13
117.96   15
117.98   11
118.0    15
118.02   11
118.04   14
118.06   14
118.08   14
118.1    15
118.12   15
118.14   14
118.16   14
118.18   17
118.2    16
118.22   16
118.24   17
118.26   19
118.28   21
118.3    22
118.32   23
118.34   22
118.36   29
118.38   31
118.4    35
118.42   42
118.44   58
118.46   73
118.48   95
118.5    131
118.52   169
118.54   205
118.56   217
118.58   199
118.6    175
118.62   140
118.64   112
118.66   85
118.68   67
118.7    51
118.72   42
118.74   32
118.76   30
118.78   29
118.8    26
118.82   29
118.84   24
118.86   30
118.88   30
118.9    32
118.92   39
118.94   45
118.96   61
118.98   71
119.0    89
119.02   99
119.04   102
119.06   102
119.08   92
119.1    76
119.12   66
119.14   48
119.16   40
119.18   32
119.2    26
119.22   25
119.24   20
119.26   18
119.28   17
119.3    18
119.32   15
119.34   14
119.36   15
119.38   14
119.4    14
119.42   12
119.44   14
119.46   12
119.48   12
119.5    13
119.52   12
119.54   12
119.56   11
119.58   13
119.6    10
119.62   13
119.64   14
119.66   12
119.68   13
119.7    12
119.72   12
119.74   14
119.76   15
119.78   16
119.8    15
119.82   17
119.84   20
119.86   27
119.88   31
119.9    35
119.92   43
119.94   46
119.96   44
119.98   41
120.0    38
120.02   29
120.04   24
120.06   20
120.08   17
120.1    15
120.12   14
120.14   14
120.16   14
120.18   14
120.2    11
120.22   13
120.24   12
120.26   13
120.28   15
120.3    12
120.32   15
120.34   15
120.36   20
120.38   22
120.4    22
120.42   27
120.44   24
120.46   28
120.48   26
120.5    23
120.52   21
120.54   18
120.56   17
120.58   14
120.6    14
120.62   12
120.64   12
120.66   11
120.68   11
120.7    11
120.72   11
120.74   11
120.76   12
120.78   11
120.8    11
120.82   11
120.84   10
120.86   12
120.88   13
120.9    11
120.92   14
120.94   10
120.96   10
120.98   12
121.0    12
121.02   13
121.04   13
121.06   14
121.08   16
121.1    16
121.12   18
121.14   15
121.16   19
121.18   22
121.2    25
121.22   26
121.24   33
121.26   45
121.28   60
121.3    82
121.32   97
121.34   100
121.36   99
121.38   91
121.4    77
121.42   64
121.44   54
121.46   43
121.48   34
121.5    31
121.52   27
121.54   22
121.56   20
121.58   22
121.6    16
121.62   21
121.64   16
121.66   15
121.68   16
121.7    21
121.72   21
121.74   22
121.76   29
121.78   30
121.8    40
121.82   50
121.84   55
121.86   60
121.88   55
121.9    44
121.92   42
121.94   37
121.96   30
121.98   23
122.0    26
122.02   18
122.04   19
122.06   17
122.08   16
122.1    15
122.12   14
122.14   15
122.16   15
122.18   15
122.2    13
122.22   15
122.24   14
122.26   13
122.28   16
122.3    12
122.32   14
122.34   13
122.36   15
122.38   16
122.4    14
122.42   16
122.44   17
122.46   16
122.48   18
122.5    18
122.52   19
122.54   21
122.56   22
122.58   22
122.6    26
122.62   30
122.64   36
122.66   47
122.68   65
122.7    85
122.72   110
122.74   142
122.76   157
122.78   161
122.8    155
122.82   135
122.84   118
122.86   84
122.88   67
122.9    57
122.92   47
122.94   37
122.96   30
122.98   30
123.0    28
123.02   24
123.04   24
123.06   22
123.08   20
123.1    22
123.12   24
123.14   26
123.16   29
123.18   33
123.2    38
123.22   44
123.24   57
123.26   72
123.28   85
123.3    79
123.32   82
123.34   68
123.36   66
123.38   53
123.4    43
123.42   38
123.44   30
123.46   27
123.48   21
123.5    22
123.52   18
123.54   17
123.56   15
123.58   16
123.6    15
123.62   15
123.64   16
123.66   17
123.68   14
123.7    15
123.72   12
123.74   13
123.76   13
123.78   15
123.8    14
123.82   13
123.84   15
123.86   15
123.88   16
123.9    14
123.92   15
123.94   16
123.96   18
123.98   18
124.0    18
124.02   21
124.04   21
124.06   24
124.08   29
124.1    35
124.12   42
124.14   52
124.16   71
124.18   88
124.2    100
124.22   110
124.24   118
124.26   102
124.28   87
124.3    77
124.32   58
124.34   44
124.36   36
124.38   33
124.4    27
124.42   24
124.44   23
124.46   22
124.48   20
124.5    18
124.52   19
124.54   19
124.56   18
124.58   17
124.6    20
124.62   22
124.64   24
124.66   32
124.68   33
124.7    38
124.72   50
124.74   48
124.76   62
124.78   61
124.8    54
124.82   50
124.84   41
124.86   35
124.88   31
124.9    27
124.92   24
124.94   21
124.96   16
124.98   16
125.0    17
125.02   16
125.04   17
125.06   13
125.08   13
125.1    14
125.12   14
125.14   13
125.16   12
125.18   14
125.2    14
125.22   13
125.24   14
125.26   14
125.28   14
125.3    13
125.32   14
125.34   12
125.36   14
125.38   16
125.4    15
125.42   15
125.44   17
125.46   14
125.48   19
125.5    20
125.52   24
125.54   23
125.56   26
125.58   34
125.6    45
125.62   52
125.64   76
125.66   85
125.68   108
125.7    120
125.72   110
125.74   99
125.76   84
125.78   68
125.8    57
125.82   39
125.84   38
125.86   28
125.88   25
125.9    24
125.92   20
125.94   19
125.96   17
125.98   19
126.0    19
126.02   21
126.04   17
126.06   19
126.08   20
126.1    20
126.12   26
126.14   25
126.16   29
126.18   35
126.2    41
126.22   50
126.24   64
126.26   59
126.28   60
126.3    52
126.32   43
126.34   40
126.36   35
126.38   25
126.4    27
126.42   21
126.44   21
126.46   16
126.48   18
126.5    17
126.52   17
126.54   16
126.56   14
126.58   12
126.6    13
126.62   13
126.64   14
126.66   13
126.68   13
126.7    13
126.72   11
126.74   15
126.76   14
126.78   15
126.8    12
126.82   18
126.84   18
126.86   17
126.88   13
126.9    17
126.92   19
126.94   20
126.96   21
126.98   19
127.0    26
127.02   25
127.04   30
127.06   33
127.08   46
127.1    60
127.12   68
127.14   94
127.16   116
127.18   144
127.2    157
127.22   147
127.24   132
127.26   123
127.28   97
127.3    74
127.32   65
127.34   52
127.36   41
127.38   36
127.4    31
127.42   26
127.44   26
127.46   23
127.48   22
127.5    20
127.52   20
127.54   21
127.56   21
127.58   22
127.6    24
127.62   22
127.64   27
127.66   31
127.68   33
127.7    46
127.72   56
127.74   63
127.76   72
127.78   77
127.8    70
127.82   70
127.84   63
127.86   52
127.88   42
127.9    36
127.92   30
127.94   27
127.96   23
127.98   18
128.0    22
128.02   20
128.04   18
128.06   14
128.08   13
128.1    12
128.12   15
128.14   13
128.16   13
128.18   13
128.2    13
128.22   12
128.24   13
128.26   17
128.28   14
128.3    14
128.32   14
128.34   14
128.36   15
128.38   14
128.4    13
128.42   14
128.44   16
128.46   16
128.48   15
128.5    15
128.52   19
128.54   21
128.56   20
128.58   22
128.6    27
128.62   33
128.64   36
128.66   49
128.68   63
128.7    71
128.72   82
128.74   89
128.76   89
128.78   85
128.8    66
128.82   60
128.84   48
128.86   40
128.88   34
128.9    28
128.92   23
128.94   21
128.96   21
128.98   19
129.0    16
129.02   18
129.04   18
129.06   17
129.08   15
129.1    17
129.12   17
129.14   17
129.16   17
129.18   18
129.2    19
129.22   25
129.24   25
129.26   30
129.28   35
129.3    43
129.32   47
129.34   48
129.36   44
129.38   39
129.4    39
129.42   32
129.44   28
129.46   26
129.48   23
129.5    18
129.52   17
129.54   19
129.56   14
129.58   16
129.6    15
129.62   13
129.64   16
129.66   13
129.68   12
129.7    11
129.72   11
129.74   12
129.76   11
129.78   10
129.8    9
129.82   9
129.84   13
129.86   11
129.88   11
129.9    11
129.92   12
129.94   12
129.96   11
129.98   11
130.0    11
130.02   11
130.04   10
130.06   12
130.08   10
130.1    11
130.12   11
130.14   9
130.16   9
130.18   9
130.2    10
130.22   10
130.24   11
130.26   9
130.28   14
130.3    10
130.32   10
130.34   10
130.36   11
130.38   11
130.4    11
130.42   9
130.44   11
130.46   11
130.48   12
130.5    11
130.52   10
130.54   11
130.56   11
130.58   13
130.6    10
130.62   11
130.64   9
130.66   13
130.68   10
130.7    11
130.72   11
130.74   10
130.76   10
130.78   11
130.8    11
130.82   11
130.84   13
130.86   11
130.88   10
130.9    11
130.92   10
130.94   12
130.96   12
130.98   14
131.0    11
131.02   13
131.04   12
131.06   12
131.08   11
131.1    11
131.12   10
131.14   13
131.16   10
131.18   11
131.2    12
131.22   12
131.24   11
131.26   12
131.28   10
131.3    11
131.32   16
131.34   12
131.36   13
131.38   13
131.4    10
131.42   13
131.44   13
131.46   13
131.48   15
131.5    14
131.52   15
131.54   16
131.56   13
131.58   16
131.6    18
131.62   17
131.64   17
131.66   20
131.68   19
131.7    25
131.72   26
131.74   29
131.76   35
131.78   45
131.8    50
131.82   67
131.84   79
131.86   97
131.88   121
131.9    135
131.92   136
131.94   132
131.96   123
131.98   102
132.0    85
132.02   68
132.04   59
132.06   47
132.08   38
132.1    34
132.12   31
132.14   26
132.16   24
132.18   24
132.2    26
132.22   23
132.24   21
132.26   19
132.28   18
132.3    21
132.32   20
132.34   20
132.36   23
132.38   24
132.4    27
132.42   29
132.44   33
132.46   41
132.48   46
132.5    51
132.52   62
132.54   68
132.56   71
132.58   68
132.6    66
132.62   52
132.64   43
132.66   39
132.68   34
132.7    33
132.72   28
132.74   24
132.76   24
132.78   18
132.8    18
132.82   18
132.84   17
132.86   17
132.88   15
132.9    15
132.92   15
132.94   14
132.96   18
132.98   15
133.0    14
133.02   16
133.04   13
133.06   18
133.08   15
133.1    19
133.12   13
133.14   15
133.16   17
133.18   17
133.2    18
133.22   19
133.24   16
133.26   18
133.28   24
133.3    22
133.32   21
133.34   25
133.36   26
133.38   34
133.4    38
133.42   40
133.44   50
133.46   65
133.48   75
133.5    97
133.52   119
133.54   132
133.56   146
133.58   140
133.6    130
133.62   112
133.64   91
133.66   74
133.68   62
133.7    52
133.72   45
133.74   38
133.76   34
133.78   29
133.8    28
133.82   25
133.84   23
133.86   26
133.88   23
133.9    19
133.92   23
133.94   20
133.96   20
133.98   21
134.0    20
134.02   23
134.04   20
134.06   25
134.08   29
134.1    31
134.12   36
134.14   44
134.16   50
134.18   59
134.2    67
134.22   71
134.24   71
134.26   69
134.28   62
134.3    52
134.32   48
134.34   40
134.36   36
134.38   32
134.4    27
134.42   25
134.44   24
134.46   21
134.48   21
134.5    17
134.52   19
134.54   14
134.56   19
134.58   17
134.6    15
134.62   15
134.64   13
134.66   15
134.68   15
134.7    12
134.72   16
134.74   17
134.76   15
134.78   16
134.8    14
134.82   15
134.84   16
134.86   16
134.88   15
134.9    11
134.92   15
134.94   15
134.96   18
134.98   17
135.0    16
135.02   19
135.04   20
135.06   22
135.08   23
135.1    26
135.12   34
135.14   41
135.16   41
135.18   53
135.2    68
135.22   76
135.24   84
135.26   91
135.28   85
135.3    71
135.32   67
135.34   53
135.36   50
135.38   42
135.4    39
135.42   31
135.44   27
135.46   25
135.48   23
135.5    22
135.52   19
135.54   20
135.56   21
135.58   14
135.6    18
135.62   20
135.64   18
135.66   17
135.68   20
135.7    17
135.72   18
135.74   19
135.76   20
135.78   21
135.8    24
135.82   24
135.84   26
135.86   28
135.88   33
135.9    39
135.92   44
135.94   47
135.96   46
135.98   45
136.0    44
136.02   38
136.04   34
136.06   28
136.08   29
136.1    24
136.12   22
136.14   23
136.16   20
136.18   19
136.2    18
136.22   18
136.24   18
136.26   15
136.28   18
136.3    17
136.32   16
136.34   16
136.36   17
136.38   16
136.4    16
136.42   18
136.44   19
136.46   17
136.48   19
136.5    21
136.52   20
136.54   18
136.56   23
136.58   20
136.6    20
136.62   23
136.64   23
136.66   24
136.68   30
136.7    28
136.72   32
136.74   33
136.76   32
136.78   40
136.8    47
136.82   54
136.84   62
136.86   73
136.88   94
136.9    114
136.92   147
136.94   175
136.96   216
136.98   235
137.0    240
137.02   241
137.04   217
137.06   204
137.08   165
137.1    140
137.12   106
137.14   89
137.16   79
137.18   70
137.2    58
137.22   44
137.24   47
137.26   42
137.28   35
137.3    34
137.32   30
137.34   30
137.36   29
137.38   28
137.4    25
137.42   28
137.44   29
137.46   28
137.48   28
137.5    30
137.52   33
137.54   36
137.56   36
137.58   40
137.6    53
137.62   63
137.64   77
137.66   87
137.68   102
137.7    108
137.72   122
137.74   116
137.76   110
137.78   107
137.8    87
137.82   78
137.84   66
137.86   59
137.88   52
137.9    45
137.92   37
137.94   36
137.96   30
137.98   30
138.0    23
138.02   21
138.04   25
138.06   19
138.08   21
138.1    20
138.12   19
138.14   19
138.16   18
138.18   16
138.2    18
138.22   18
138.24   17
138.26   16
138.28   16
138.3    17
138.32   15
138.34   17
138.36   18
138.38   18
138.4    18
138.42   17
138.44   17
138.46   17
138.48   20
138.5    20
138.52   19
138.54   20
138.56   24
138.58   25
138.6    23
138.62   25
138.64   33
138.66   34
138.68   38
138.7    51
138.72   64
138.74   66
138.76   83
138.78   99
138.8    96
138.82   89
138.84   83
138.86   75
138.88   70
138.9    58
138.92   50
138.94   43
138.96   36
138.98   34
139.0    28
139.02   29
139.04   25
139.06   23
139.08   21
139.1    22
139.12   20
139.14   17
139.16   19
139.18   18
139.2    21
139.22   20
139.24   17
139.26   20
139.28   21
139.3    19
139.32   20
139.34   20
139.36   20
139.38   23
139.4    22
139.42   27
139.44   29
139.46   31
139.48   36
139.5    35
139.52   46
139.54   45
139.56   55
139.58   51
139.6    45
139.62   45
139.64   41
139.66   37
139.68   33
139.7    29
139.72   25
139.74   27
139.76   24
139.78   24
139.8    16
139.82   19
139.84   19
139.86   18
139.88   17
139.9    14
139.92   15
139.94   17
139.96   17
139.98   15
140.0    16
140.02   14
140.04   16
140.06   17
140.08   16
140.1    16
140.12   17
140.14   15
140.16   18
140.18   17
140.2    18
140.22   18
140.24   18
140.26   20
140.28   22
140.3    21
140.32   20
140.34   25
140.36   26
140.38   25
140.4    28
140.42   29
140.44   34
140.46   40
140.48   45
140.5    48
140.52   57
140.54   69
140.56   82
140.58   95
140.6    130
140.62   154
140.64   175
140.66   193
140.68   195
140.7    181
140.72   171
140.74   149
140.76   123
140.78   108
140.8    86
140.82   84
140.84   70
140.86   56
140.88   49
140.9    43
140.92   36
140.94   35
140.96   29
140.98   30
141.0    27
141.02   27
141.04   26
141.06   28
141.08   23
141.1    24
141.12   25
141.14   19
141.16   22
141.18   22
141.2    24
141.22   26
141.24   26
141.26   28
141.28   31
141.3    37
141.32   42
141.34   40
141.36   46
141.38   54
141.4    63
141.42   76
141.44   94
141.46   89
141.48   99
141.5    90
141.52   84
141.54   81
141.56   67
141.58   61
141.6    55
141.62   47
141.64   39
141.66   38
141.68   35
141.7    33
141.72   25
141.74   25
141.76   25
141.78   23
141.8    22
141.82   18
141.84   18
141.86   17
141.88   19
141.9    21
141.92   19
141.94   18
141.96   16
141.98   16
142.0    20
142.02   17
142.04   13
142.06   16
142.08   16
142.1    16
142.12   15
142.14   16
142.16   21
142.18   15
142.2    15
142.22   16
142.24   19
142.26   20
142.28   18
142.3    16
142.32   22
142.34   23
142.36   22
142.38   24
142.4    25
142.42   25
142.44   32
142.46   32
142.48   36
142.5    48
142.52   52
142.54   63
142.56   77
142.58   85
142.6    102
142.62   101
142.64   98
142.66   89
142.68   84
142.7    73
142.72   63
142.74   53
142.76   48
142.78   40
142.8    35
142.82   34
142.84   29
142.86   30
142.88   26
142.9    22
142.92   21
142.94   21
142.96   19
142.98   18
143.0    21
143.02   18
143.04   18
143.06   19
143.08   15
143.1    15
143.12   16
143.14   20
143.16   17
143.18   18
143.2    18
143.22   17
143.24   20
143.26   19
143.28   21
143.3    24
143.32   25
143.34   26
143.36   32
143.38   38
143.4    40
143.42   40
143.44   50
143.46   51
143.48   51
143.5    51
143.52   45
143.54   45
143.56   43
143.58   36
143.6    32
143.62   27
143.64   29
143.66   26
143.68   22
143.7    20
143.72   18
143.74   17
143.76   16
143.78   19
143.8    17
143.82   15
143.84   14
143.86   16
143.88   14
143.9    14
143.92   16
143.94   16
143.96   17
143.98   16
144.0    16
144.02   16
144.04   14
144.06   13
144.08   15
144.1    16
144.12   15
144.14   14
144.16   11
144.18   12
144.2    14
144.22   14
144.24   14
144.26   14
144.28   17
144.3    17
144.32   17
144.34   17
144.36   17
144.38   17
144.4    17
144.42   17
144.44   21
144.46   20
144.48   21
144.5    28
144.52   28
144.54   35
144.56   37
144.58   48
144.6    52
144.62   59
144.64   70
144.66   62
144.68   65
144.7    61
144.72   53
144.74   48
144.76   44
144.78   39
144.8    33
144.82   32
144.84   26
144.86   24
144.88   24
144.9    20
144.92   20
144.94   18
144.96   19
144.98   16
145.0    17
145.02   17
145.04   19
145.06   16
145.08   16
145.1    15
145.12   15
145.14   15
145.16   13
145.18   16
145.2    14
145.22   14
145.24   14
145.26   17
145.28   14
145.3    17
145.32   17
145.34   18
145.36   19
145.38   20
145.4    20
145.42   20
145.44   24
145.46   25
145.48   26
145.5    30
145.52   31
145.54   30
145.56   31
145.58   34
145.6    38
145.62   33
145.64   29
145.66   28
145.68   27
145.7    23
145.72   22
145.74   21
145.76   21
145.78   18
145.8    16
145.82   16
145.84   16
145.86   16
145.88   14
145.9    16
145.92   14
145.94   15
145.96   13
145.98   13
146.0    13
146.02   14
146.04   15
146.06   13
146.08   13
146.1    13
146.12   14
146.14   13
146.16   14
146.18   15
146.2    14
146.22   13
146.24   13
146.26   13
146.28   13
146.3    14
146.32   14
146.34   17
146.36   17
146.38   18
146.4    14
146.42   18
146.44   17
146.46   17
146.48   15
146.5    18
146.52   20
146.54   23
146.56   20
146.58   25
146.6    27
146.62   27
146.64   30
146.66   32
146.68   37
146.7    51
146.72   57
146.74   60
146.76   67
146.78   78
146.8    74
146.82   72
146.84   71
146.86   67
146.88   56
146.9    50
146.92   49
146.94   42
146.96   39
146.98   35
147.0    30
147.02   27
147.04   27
147.06   26
147.08   21
147.1    20
147.12   18
147.14   19
147.16   17
147.18   18
147.2    18
147.22   16
147.24   15
147.26   16
147.28   17
147.3    17
147.32   18
147.34   17
147.36   15
147.38   15
147.4    17
147.42   16
147.44   16
147.46   16
147.48   18
147.5    18
147.52   17
147.54   17
147.56   20
147.58   19
147.6    23
147.62   25
147.64   25
147.66   29
147.68   32
147.7    33
147.72   35
147.74   39
147.76   38
147.78   40
147.8    40
147.82   38
147.84   39
147.86   36
147.88   33
147.9    31
147.92   26
147.94   25
147.96   25
147.98   22
148.0    23
148.02   18
148.04   18
148.06   18
148.08   16
148.1    18
148.12   16
148.14   15
148.16   17
148.18   14
148.2    16
148.22   14
148.24   13
148.26   13
148.28   13
148.3    13
148.32   15
148.34   13
148.36   11
148.38   14
148.4    14
148.42   13
148.44   14
148.46   14
148.48   16
148.5    15
148.52   13
148.54   14
148.56   15
148.58   17
148.6    17
148.62   14
148.64   15
148.66   15
148.68   17
148.7    18
148.72   19
148.74   19
148.76   20
148.78   21
148.8    21
148.82   21
148.84   24
148.86   24
148.88   26
148.9    29
148.92   32
148.94   38
148.96   43
148.98   53
149.0    56
149.02   65
149.04   70
149.06   81
149.08   80
149.1    81
149.12   72
149.14   69
149.16   65
149.18   54
149.2    52
149.22   40
149.24   40
149.26   35
149.28   36
149.3    31
149.32   25
149.34   27
149.36   25
149.38   23
149.4    23
149.42   20
149.44   17
149.46   20
149.48   19
149.5    18
149.52   17
149.54   16
149.56   18
149.58   16
149.6    18
149.62   16
149.64   17
149.66   16
149.68   17
149.7    16
149.72   15
149.74   17
149.76   15
149.78   17
149.8    17
149.82   16
149.84   16
149.86   18
149.88   18
149.9    23
149.92   19
149.94   25
149.96   24
149.98   25
