25mA slit:1deg&1deg&0.2mm Monochromator:OFF Ts-Td
10.0     25
10.02    29
10.04    21
10.06    25
10.08    21
10.1     10
10.12    29
10.14    21
10.16    10
10.18    21
10.2     18
10.22    21
10.24    25
10.26    21
10.28    18
10.3     14
10.32    18
10.34    21
10.36    18
10.38    18
10.4     32
10.42    14
10.44    14
10.46    21
10.48    21
10.5     18
10.52    21
10.54    10
10.56    10
10.58    7
10.6     25
10.62    29
10.64    14
10.66    14
10.68    10
10.7     21
10.72    10
10.74    14
10.76    14
10.78    21
10.8     14
10.82    10
10.84    7
10.86    10
10.88    18
10.9     25
10.92    10
10.94    21
10.96    18
10.98    18
11.0     7
11.02    21
11.04    29
11.06    18
11.08    10
11.1     7
11.12    18
11.14    25
11.16    18
11.18    18
11.2     21
11.22    7
11.24    18
11.26    14
11.28    21
11.3     14
11.32    21
11.34    18
11.36    14
11.38    18
11.4     18
11.42    10
11.44    10
11.46    21
11.48    18
11.5     10
11.52    18
11.54    18
11.56    10
11.58    14
11.6     7
11.62    25
11.64    18
11.66    18
11.68    14
11.7     21
11.72    10
11.74    18
11.76    18
11.78    14
11.8     25
11.82    18
11.84    14
11.86    14
11.88    7
11.9     21
11.92    18
11.94    10
11.96    14
11.98    18
12.0     14
12.02    18
12.04    7
12.06    10
12.08    7
12.1     7
12.12    7
12.14    14
12.16    14
12.18    10
12.2     14
12.22    14
12.24    21
12.26    14
12.28    18
12.3     21
12.32    7
12.34    21
12.36    18
12.38    14
12.4     10
12.42    25
12.44    18
12.46    14
12.48    21
12.5     14
12.52    25
12.54    10
12.56    10
12.58    7
12.6     7
12.62    18
12.64    14
12.66    14
12.68    21
12.7     7
12.72    18
12.74    7
12.76    7
12.78    7
12.8     21
12.82    14
12.84    21
12.86    10
12.88    14
12.9     21
12.92    10
12.94    18
12.96    7
12.98    14
13.0     14
13.02    10
13.04    10
13.06    10
13.08    14
13.1     7
13.12    14
13.14    21
13.16    14
13.18    14
13.2     18
13.22    14
13.24    18
13.26    7
13.28    10
13.3     10
13.32    14
13.34    10
13.36    10
13.38    10
13.4     18
13.42    3
13.44    21
13.46    14
13.48    14
13.5     10
13.52    14
13.54    14
13.56    10
13.58    10
13.6     14
13.62    7
13.64    3
13.66    10
13.68    3
13.7     7
13.72    18
13.74    21
13.76    7
13.78    10
13.8     18
13.82    7
13.84    14
13.86    14
13.88    10
13.9     10
13.92    3
13.94    14
13.96    10
13.98    7
14.0     7
14.02    7
14.04    7
14.06    7
14.08    14
14.1     18
14.12    10
14.14    14
14.16    10
14.18    10
14.2     3
14.22    7
14.24    10
14.26    10
14.28    7
14.3     7
14.32    7
14.34    10
14.36    10
14.38    3
14.4     14
14.42    7
14.44    10
14.46    14
14.48    7
14.5     10
14.52    7
14.54    18
14.56    7
14.58    3
14.6     10
14.62    3
14.64    14
14.66    10
14.68    14
14.7     7
14.72    7
14.74    10
14.76    10
14.78    18
14.8     7
14.82    10
14.84    7
14.86    10
14.88    10
14.9     7
14.92    10
14.94    7
14.96    3
14.98    18
15.0     7
15.02    3
15.04    7
15.06    10
15.08    7
15.1     14
15.12    14
15.14    10
15.16    7
15.18    7
15.2     3
15.22    14
15.24    10
15.26    7
15.28    10
15.3     7
15.32    7
15.34    7
15.36    18
15.38    10
15.4     14
15.42    3
15.44    10
15.46    14
15.48    18
15.5     7
15.52    10
15.54    10
15.56    3
15.58    7
15.6     7
15.62    7
15.64    7
15.66    10
15.68    10
15.7     1
15.72    7
15.74    1
15.76    14
15.78    10
15.8     10
15.82    7
15.84    7
15.86    18
15.88    14
15.9     10
15.92    14
15.94    14
15.96    14
15.98    18
16.0     14
16.02    7
16.04    14
16.06    18
16.08    14
16.1     3
16.12    7
16.14    7
16.16    14
16.18    10
16.2     10
16.22    7
16.24    10
16.26    7
16.28    7
16.3     3
16.32    7
16.34    14
16.36    14
16.38    10
16.4     7
16.42    10
16.44    14
16.46    7
16.48    10
16.5     14
16.52    14
16.54    3
16.56    10
16.58    3
16.6     7
16.62    14
16.64    7
16.66    14
16.68    7
16.7     10
16.72    14
16.74    7
16.76    3
16.78    10
16.8     3
16.82    10
16.84    10
16.86    10
16.88    7
16.9     10
16.92    7
16.94    3
16.96    10
16.98    10
17.0     7
17.02    10
17.04    14
17.06    7
17.08    7
17.1     7
17.12    7
17.14    14
17.16    7
17.18    14
17.2     3
17.22    7
17.24    18
17.26    7
17.28    7
17.3     10
17.32    21
17.34    3
17.36    7
17.38    10
17.4     10
17.42    7
17.44    7
17.46    14
17.48    18
17.5     10
17.52    10
17.54    7
17.56    10
17.58    10
17.6     10
17.62    10
17.64    7
17.66    10
17.68    14
17.7     14
17.72    7
17.74    14
17.76    18
17.78    10
17.8     3
17.82    7
17.84    7
17.86    18
17.88    10
17.9     14
17.92    14
17.94    14
17.96    7
17.98    7
18.0     10
18.02    7
18.04    10
18.06    10
18.08    3
18.1     14
18.12    10
18.14    7
18.16    7
18.18    7
18.2     10
18.22    10
18.24    14
18.26    14
18.28    7
18.3     7
18.32    10
18.34    7
18.36    3
18.38    7
18.4     14
18.42    7
18.44    3
18.46    14
18.48    10
18.5     7
18.52    18
18.54    7
18.56    7
18.58    10
18.6     7
18.62    3
18.64    7
18.66    7
18.68    18
18.7     7
18.72    14
18.74    7
18.76    3
18.78    10
18.8     7
18.82    3
18.84    14
18.86    18
18.88    7
18.9     7
18.92    7
18.94    7
18.96    1
18.98    14
19.0     10
19.02    3
19.04    18
19.06    3
19.08    3
19.1     14
19.12    7
19.14    7
19.16    7
19.18    10
19.2     7
19.22    10
19.24    3
19.26    7
19.28    10
19.3     3
19.32    7
19.34    18
19.36    10
19.38    7
19.4     7
19.42    7
19.44    7
19.46    10
19.48    3
19.5     3
19.52    3
19.54    3
19.56    7
19.58    14
19.6     3
19.62    7
19.64    3
19.66    7
19.68    10
19.7     7
19.72    1
19.74    7
19.76    7
19.78    7
19.8     3
19.82    7
19.84    14
19.86    3
19.88    10
19.9     7
19.92    14
19.94    7
19.96    7
19.98    3
20.0     10
20.02    1
20.04    10
20.06    7
20.08    7
20.1     7
20.12    3
20.14    10
20.16    7
20.18    3
20.2     3
20.22    3
20.24    7
20.26    7
20.28    3
20.3     3
20.32    7
20.34    10
20.36    7
20.38    10
20.4     10
20.42    3
20.44    14
20.46    3
20.48    10
20.5     7
20.52    14
20.54    3
20.56    10
20.58    3
20.6     7
20.62    3
20.64    3
20.66    7
20.68    7
20.7     3
20.72    3
20.74    7
20.76    18
20.78    10
20.8     7
20.82    7
20.84    7
20.86    1
20.88    10
20.9     3
20.92    7
20.94    3
20.96    7
20.98    7
21.0     10
21.02    3
21.04    14
21.06    7
21.08    7
21.1     7
21.12    3
21.14    7
21.16    10
21.18    14
21.2     10
21.22    7
21.24    14
21.26    18
21.28    3
21.3     3
21.32    10
21.34    7
21.36    14
21.38    1
21.4     3
21.42    7
21.44    7
21.46    10
21.48    3
21.5     7
21.52    10
21.54    1
21.56    10
21.58    10
21.6     3
21.62    7
21.64    1
21.66    3
21.68    3
21.7     18
21.72    14
21.74    7
21.76    7
21.78    10
21.8     3
21.82    3
21.84    10
21.86    7
21.88    10
21.9     7
21.92    7
21.94    1
21.96    18
21.98    10
22.0     14
22.02    10
22.04    3
22.06    7
22.08    3
22.1     3
22.12    10
22.14    7
22.16    10
22.18    7
22.2     3
22.22    10
22.24    7
22.26    7
22.28    3
22.3     3
22.32    7
22.34    3
22.36    3
22.38    7
22.4     14
22.42    18
22.44    7
22.46    1
22.48    7
22.5     3
22.52    3
22.54    10
22.56    1
22.58    7
22.6     7
22.62    7
22.64    14
22.66    10
22.68    10
22.7     7
22.72    7
22.74    18
22.76    3
22.78    7
22.8     3
22.82    1
22.84    10
22.86    3
22.88    7
22.9     1
22.92    3
22.94    7
22.96    7
22.98    3
23.0     14
23.02    10
23.04    7
23.06    7
23.08    7
23.1     10
23.12    10
23.14    10
23.16    10
23.18    10
23.2     1
23.22    7
23.24    7
23.26    3
23.28    7
23.3     7
23.32    10
23.34    7
23.36    7
23.38    3
23.4     3
23.42    3
23.44    7
23.46    7
23.48    7
23.5     7
23.52    10
23.54    10
23.56    7
23.58    10
23.6     14
23.62    3
23.64    10
23.66    3
23.68    7
23.7     7
23.72    10
23.74    3
23.76    7
23.78    3
23.8     7
23.82    3
23.84    1
23.86    3
23.88    7
23.9     7
23.92    3
23.94    7
23.96    3
23.98    3
24.0     3
24.02    7
24.04    3
24.06    10
24.08    7
24.1     10
24.12    10
24.14    7
24.16    3
24.18    14
24.2     3
24.22    3
24.24    14
24.26    7
24.28    7
24.3     3
24.32    1
24.34    7
24.36    10
24.38    7
24.4     7
24.42    7
24.44    7
24.46    1
24.48    3
24.5     3
24.52    7
24.54    10
24.56    7
24.58    7
24.6     3
24.62    7
24.64    7
24.66    7
24.68    7
24.7     3
24.72    3
24.74    3
24.76    7
24.78    3
24.8     3
24.82    7
24.84    1
24.86    10
24.88    7
24.9     7
24.92    7
24.94    3
24.96    10
24.98    7
25.0     7
25.02    3
25.04    3
25.06    10
25.08    7
25.1     14
25.12    3
25.14    3
25.16    3
25.18    7
25.2     7
25.22    3
25.24    3
25.26    7
25.28    3
25.3     3
25.32    7
25.34    14
25.36    3
25.38    7
25.4     3
25.42    7
25.44    3
25.46    3
25.48    10
25.5     14
25.52    10
25.54    3
25.56    3
25.58    3
25.6     7
25.62    3
25.64    7
25.66    7
25.68    7
25.7     3
25.72    7
25.74    3
25.76    7
25.78    1
25.8     1
25.82    7
25.84    10
25.86    7
25.88    7
25.9     10
25.92    7
25.94    1
25.96    7
25.98    1
26.0     3
26.02    3
26.04    7
26.06    14
26.08    7
26.1     7
26.12    3
26.14    3
26.16    3
26.18    3
26.2     3
26.22    7
26.24    3
26.26    7
26.28    10
26.3     7
26.32    7
26.34    14
26.36    7
26.38    14
26.4     3
26.42    7
26.44    7
26.46    10
26.48    14
26.5     1
26.52    7
26.54    3
26.56    7
26.58    7
26.6     3
26.62    18
26.64    7
26.66    7
26.68    3
26.7     3
26.72    1
26.74    7
26.76    3
26.78    7
26.8     7
26.82    3
26.84    7
26.86    7
26.88    7
26.9     3
26.92    1
26.94    7
26.96    7
26.98    7
27.0     3
27.02    3
27.04    10
27.06    7
27.08    1
27.1     10
27.12    3
27.14    7
27.16    1
27.18    3
27.2     7
27.22    7
27.24    3
27.26    7
27.28    3
27.3     14
27.32    3
27.34    10
27.36    7
27.38    3
27.4     7
27.42    7
27.44    7
27.46    3
27.48    3
27.5     14
27.52    3
27.54    3
27.56    7
27.58    3
27.6     7
27.62    7
27.64    3
27.66    7
27.68    10
27.7     10
27.72    7
27.74    3
27.76    3
27.78    7
27.8     10
27.82    3
27.84    7
27.86    10
27.88    7
27.9     10
27.92    3
27.94    3
27.96    10
27.98    10
28.0     7
28.02    10
28.04    7
28.06    10
28.08    3
28.1     7
28.12    10
28.14    3
28.16    10
28.18    10
28.2     3
28.22    10
28.24    3
28.26    3
28.28    7
28.3     10
28.32    1
28.34    3
28.36    7
28.38    10
28.4     3
28.42    7
28.44    3
28.46    3
28.48    3
28.5     3
28.52    3
28.54    3
28.56    10
28.58    7
28.6     7
28.62    3
28.64    10
28.66    3
28.68    7
28.7     3
28.72    7
28.74    7
28.76    10
28.78    7
28.8     14
28.82    10
28.84    10
28.86    1
28.88    7
28.9     10
28.92    10
28.94    1
28.96    14
28.98    7
29.0     10
29.02    10
29.04    7
29.06    7
29.08    7
29.1     10
29.12    10
29.14    7
29.16    3
29.18    3
29.2     18
29.22    3
29.24    7
29.26    10
29.28    7
29.3     18
29.32    1
29.34    3
29.36    3
29.38    14
29.4     7
29.42    14
29.44    10
29.46    7
29.48    7
29.5     18
29.52    10
29.54    10
29.56    7
29.58    10
29.6     7
29.62    14
29.64    10
29.66    10
29.68    3
29.7     3
29.72    7
29.74    10
29.76    7
29.78    10
29.8     7
29.82    10
29.84    10
29.86    3
29.88    10
29.9     14
29.92    18
29.94    10
29.96    3
29.98    14
30.0     10
30.02    7
30.04    1
30.06    7
30.08    14
30.1     7
30.12    14
30.14    18
30.16    10
30.18    10
30.2     14
30.22    7
30.24    10
30.26    7
30.28    7
30.3     14
30.32    10
30.34    14
30.36    7
30.38    14
30.4     10
30.42    10
30.44    7
30.46    10
30.48    7
30.5     14
30.52    10
30.54    7
30.56    10
30.58    10
30.6     7
30.62    10
30.64    10
30.66    10
30.68    25
30.7     7
30.72    10
30.74    3
30.76    7
30.78    10
30.8     14
30.82    3
30.84    14
30.86    10
30.88    3
30.9     10
30.92    14
30.94    7
30.96    7
30.98    10
31.0     14
31.02    10
31.04    3
31.06    10
31.08    14
31.1     14
31.12    10
31.14    18
31.16    7
31.18    10
31.2     7
31.22    7
31.24    10
31.26    7
31.28    7
31.3     7
31.32    7
31.34    14
31.36    21
31.38    10
31.4     14
31.42    18
31.44    21
31.46    18
31.48    10
31.5     21
31.52    21
31.54    18
31.56    18
31.58    21
31.6     18
31.62    29
31.64    29
31.66    25
31.68    36
31.7     18
31.72    21
31.74    29
31.76    29
31.78    29
31.8     32
31.82    54
31.84    43
31.86    50
31.88    21
31.9     36
31.92    43
31.94    40
31.96    36
31.98    47
32.0     43
32.02    58
32.04    36
32.06    47
32.08    40
32.1     36
32.12    36
32.14    50
32.16    40
32.18    47
32.2     43
32.22    47
32.24    47
32.26    50
32.28    58
32.3     36
32.32    40
32.34    40
32.36    36
32.38    29
32.4     36
32.42    36
32.44    25
32.46    29
32.48    40
32.5     29
32.52    32
32.54    32
32.56    29
32.58    14
32.6     40
32.62    21
32.64    18
32.66    25
32.68    21
32.7     18
32.72    18
32.74    14
32.76    14
32.78    25
32.8     18
32.82    21
32.84    10
32.86    25
32.88    25
32.9     18
32.92    25
32.94    32
32.96    21
32.98    14
33.0     21
33.02    21
33.04    14
33.06    29
33.08    21
33.1     21
33.12    25
33.14    25
33.16    29
33.18    29
33.2     29
33.22    25
33.24    14
33.26    14
33.28    21
33.3     21
33.32    21
33.34    14
33.36    29
33.38    21
33.4     40
33.42    21
33.44    25
33.46    18
33.48    21
33.5     29
33.52    29
33.54    25
33.56    29
33.58    32
33.6     25
33.62    36
33.64    32
33.66    29
33.68    21
33.7     25
33.72    40
33.74    36
33.76    32
33.78    40
33.8     25
33.82    32
33.84    32
33.86    36
33.88    21
33.9     43
33.92    40
33.94    32
33.96    29
33.98    32
34.0     50
34.02    58
34.04    65
34.06    40
34.08    54
34.1     65
34.12    40
34.14    61
34.16    50
34.18    69
34.2     72
34.22    80
34.24    69
34.26    98
34.28    87
34.3     105
34.32    130
34.34    105
34.36    105
34.38    163
34.4     196
34.42    167
34.44    170
34.46    247
34.48    221
34.5     221
34.52    261
34.54    243
34.56    312
34.58    280
34.6     269
34.62    385
34.64    327
34.66    330
34.68    378
34.7     385
34.72    400
34.74    374
34.76    374
34.78    389
34.8     392
34.82    381
34.84    385
34.86    370
34.88    458
34.9     392
34.92    396
34.94    421
34.96    418
34.98    425
35.0     389
35.02    414
35.04    421
35.06    450
35.08    363
35.1     385
35.12    436
35.14    385
35.16    381
35.18    338
35.2     356
35.22    356
35.24    309
35.26    338
35.28    287
35.3     287
35.32    229
35.34    247
35.36    225
35.38    214
35.4     236
35.42    178
35.44    160
35.46    196
35.48    138
35.5     120
35.52    98
35.54    120
35.56    72
35.58    98
35.6     90
35.62    80
35.64    72
35.66    69
35.68    90
35.7     76
35.72    83
35.74    76
35.76    80
35.78    65
35.8     72
35.82    72
35.84    61
35.86    54
35.88    72
35.9     76
35.92    87
35.94    94
35.96    80
35.98    98
36.0     94
36.02    105
36.04    90
36.06    116
36.08    123
36.1     112
36.12    152
36.14    156
36.16    141
36.18    141
36.2     130
36.22    152
36.24    167
36.26    160
36.28    178
36.3     218
36.32    185
36.34    192
36.36    192
36.38    174
36.4     189
36.42    170
36.44    200
36.46    185
36.48    207
36.5     192
36.52    229
36.54    200
36.56    210
36.58    221
36.6     232
36.62    229
36.64    207
36.66    214
36.68    218
36.7     178
36.72    189
36.74    210
36.76    185
36.78    189
36.8     214
36.82    181
36.84    200
36.86    138
36.88    192
36.9     167
36.92    174
36.94    116
36.96    178
36.98    149
37.0     141
37.02    120
37.04    112
37.06    120
37.08    94
37.1     80
37.12    65
37.14    101
37.16    83
37.18    54
37.2     76
37.22    61
37.24    43
37.26    47
37.28    40
37.3     43
37.32    29
37.34    40
37.36    32
37.38    21
37.4     36
37.42    32
37.44    25
37.46    32
37.48    25
37.5     18
37.52    14
37.54    18
37.56    25
37.58    25
37.6     18
37.62    25
37.64    18
37.66    25
37.68    10
37.7     21
37.72    18
37.74    10
37.76    14
37.78    14
37.8     10
37.82    10
37.84    7
37.86    18
37.88    14
37.9     18
37.92    10
37.94    18
37.96    18
37.98    10
38.0     18
38.02    7
38.04    10
38.06    14
38.08    7
38.1     18
38.12    7
38.14    3
38.16    7
38.18    10
38.2     14
38.22    14
38.24    10
38.26    14
38.28    14
38.3     7
38.32    10
38.34    10
38.36    7
38.38    21
38.4     18
38.42    18
38.44    10
38.46    10
38.48    10
38.5     7
38.52    7
38.54    10
38.56    10
38.58    18
38.6     18
38.62    14
38.64    14
38.66    14
38.68    7
38.7     7
38.72    3
38.74    7
38.76    18
38.78    10
38.8     10
38.82    7
38.84    10
38.86    10
38.88    10
38.9     10
38.92    14
38.94    14
38.96    7
38.98    14
39.0     10
39.02    10
39.04    14
39.06    10
39.08    7
39.1     14
39.12    7
39.14    14
39.16    10
39.18    10
39.2     3
39.22    7
39.24    7
39.26    10
39.28    10
39.3     7
39.32    10
39.34    7
39.36    10
39.38    7
39.4     14
39.42    7
39.44    3
39.46    3
39.48    3
39.5     7
39.52    3
39.54    7
39.56    10
39.58    7
39.6     7
39.62    7
39.64    3
39.66    7
39.68    1
39.7     7
39.72    1
39.74    7
39.76    7
39.78    3
39.8     7
39.82    3
39.84    7
39.86    3
39.88    7
39.9     7
39.92    10
39.94    7
39.96    3
39.98    3
40.0     3
40.02    10
40.04    3
40.06    3
40.08    7
40.1     7
40.12    3
40.14    14
40.16    3
40.18    7
40.2     7
40.22    10
40.24    3
40.26    1
40.28    3
40.3     1
40.32    7
40.34    1
40.36    3
40.38    1
40.4     3
40.42    7
40.44    1
40.46    7
40.48    3
40.5     3
40.52    3
40.54    1
40.56    3
40.58    7
40.6     3
40.62    7
40.64    7
40.66    3
40.68    7
40.7     7
40.72    1
40.74    3
40.76    3
40.78    3
40.8     7
40.82    7
40.84    3
40.86    1
40.88    3
40.9     7
40.92    3
40.94    7
40.96    7
40.98    1
41.0     7
41.02    10
41.04    3
41.06    3
41.08    7
41.1     10
41.12    3
41.14    3
41.16    3
41.18    3
41.2     7
41.22    1
41.24    7
41.26    3
41.28    3
41.3     1
41.32    7
41.34    7
41.36    7
41.38    3
41.4     10
41.42    7
41.44    3
41.46    3
41.48    3
41.5     3
41.52    3
41.54    3
41.56    3
41.58    7
41.6     3
41.62    7
41.64    3
41.66    14
41.68    3
41.7     7
41.72    7
41.74    3
41.76    1
41.78    7
41.8     7
41.82    10
41.84    10
41.86    7
41.88    3
41.9     7
41.92    3
41.94    7
41.96    7
41.98    3
42.0     3
42.02    3
42.04    3
42.06    3
42.08    7
42.1     3
42.12    3
42.14    3
42.16    7
42.18    7
42.2     3
42.22    10
42.24    3
42.26    1
42.28    3
42.3     7
42.32    3
42.34    10
42.36    1
42.38    3
42.4     1
42.42    7
42.44    7
42.46    3
42.48    3
42.5     1
42.52    3
42.54    3
42.56    3
42.58    7
42.6     1
42.62    3
42.64    1
42.66    1
42.68    3
42.7     3
42.72    3
42.74    3
42.76    1
42.78    1
42.8     1
42.82    3
42.84    3
42.86    3
42.88    14
42.9     3
42.92    3
42.94    7
42.96    7
42.98    3
43.0     3
43.02    7
43.04    3
43.06    1
43.08    10
43.1     3
43.12    3
43.14    7
43.16    7
43.18    1
43.2     7
43.22    1
43.24    3
43.26    3
43.28    1
43.3     3
43.32    3
43.34    3
43.36    1
43.38    7
43.4     3
43.42    7
43.44    1
43.46    10
43.48    3
43.5     3
43.52    3
43.54    7
43.56    7
43.58    3
43.6     3
43.62    7
43.64    3
43.66    3
43.68    7
43.7     1
43.72    3
43.74    3
43.76    3
43.78    3
43.8     1
43.82    7
43.84    1
43.86    1
43.88    3
43.9     3
43.92    7
43.94    1
43.96    7
43.98    7
44.0     1
44.02    3
44.04    3
44.06    1
44.08    3
44.1     3
44.12    3
44.14    3
44.16    1
44.18    1
44.2     7
44.22    1
44.24    10
44.26    1
44.28    1
44.3     3
44.32    1
44.34    7
44.36    1
44.38    3
44.4     3
44.42    1
44.44    3
44.46    3
44.48    3
44.5     3
44.52    1
44.54    3
44.56    3
44.58    3
44.6     7
44.62    3
44.64    3
44.66    7
44.68    3
44.7     7
44.72    7
44.74    1
44.76    1
44.78    3
44.8     1
44.82    3
44.84    1
44.86    1
44.88    3
44.9     1
44.92    3
44.94    3
44.96    3
44.98    7
45.0     1
45.02    3
45.04    3
45.06    1
45.08    3
45.1     3
45.12    3
45.14    1
45.16    7
45.18    3
45.2     1
45.22    1
45.24    1
45.26    1
45.28    1
45.3     7
45.32    7
45.34    7
45.36    1
45.38    7
45.4     10
45.42    3
45.44    7
45.46    3
45.48    3
45.5     3
45.52    1
45.54    3
45.56    7
45.58    1
45.6     3
45.62    1
45.64    1
45.66    3
45.68    1
45.7     7
45.72    7
45.74    3
45.76    3
45.78    1
45.8     1
45.82    3
45.84    3
45.86    7
45.88    3
45.9     3
45.92    7
45.94    3
45.96    7
45.98    7
46.0     10
46.02    3
46.04    7
46.06    3
46.08    7
46.1     7
46.12    3
46.14    1
46.16    3
46.18    3
46.2     3
46.22    10
46.24    3
46.26    7
46.28    3
46.3     7
46.32    7
46.34    7
46.36    3
46.38    1
46.4     3
46.42    7
46.44    7
46.46    3
46.48    1
46.5     3
46.52    3
46.54    7
46.56    1
46.58    1
46.6     7
46.62    7
46.64    3
46.66    3
46.68    10
46.7     7
46.72    10
46.74    1
46.76    7
46.78    14
46.8     3
46.82    3
46.84    14
46.86    1
46.88    1
46.9     10
46.92    7
46.94    14
46.96    7
46.98    7
47.0     10
47.02    10
47.04    10
47.06    14
47.08    18
47.1     10
47.12    18
47.14    14
47.16    10
47.18    7
47.2     18
47.22    10
47.24    18
47.26    10
47.28    14
47.3     10
47.32    10
47.34    18
47.36    10
47.38    25
47.4     14
47.42    32
47.44    21
47.46    18
47.48    21
47.5     29
47.52    10
47.54    40
47.56    29
47.58    29
47.6     36
47.62    50
47.64    43
47.66    36
47.68    43
47.7     47
47.72    47
47.74    47
47.76    36
47.78    43
47.8     40
47.82    50
47.84    50
47.86    76
47.88    47
47.9     43
47.92    65
47.94    50
47.96    58
47.98    43
48.0     61
48.02    54
48.04    72
48.06    32
48.08    50
48.1     61
48.12    54
48.14    58
48.16    58
48.18    40
48.2     43
48.22    50
48.24    50
48.26    58
48.28    47
48.3     50
48.32    43
48.34    40
48.36    54
48.38    43
48.4     54
48.42    40
48.44    32
48.46    29
48.48    29
48.5     25
48.52    25
48.54    18
48.56    25
48.58    29
48.6     18
48.62    43
48.64    10
48.66    14
48.68    10
48.7     21
48.72    21
48.74    14
48.76    7
48.78    21
48.8     14
48.82    14
48.84    7
48.86    10
48.88    3
48.9     10
48.92    7
48.94    7
48.96    14
48.98    7
49.0     10
49.02    7
49.04    7
49.06    1
49.08    14
49.1     7
49.12    14
49.14    10
49.16    10
49.18    3
49.2     3
49.22    14
49.24    7
49.26    7
49.28    3
49.3     7
49.32    7
49.34    1
49.36    10
49.38    10
49.4     7
49.42    7
49.44    3
49.46    7
49.48    7
49.5     1
49.52    3
49.54    3
49.56    7
49.58    1
49.6     7
49.62    3
49.64    1
49.66    7
49.68    3
49.7     3
49.72    3
49.74    7
49.76    3
49.78    3
49.8     1
49.82    1
49.84    7
49.86    3
49.88    7
49.9     7
49.92    10
49.94    3
49.96    7
49.98    3
50.0     7
50.02    7
50.04    3
50.06    7
50.08    3
50.1     3
50.12    7
50.14    3
50.16    3
50.18    3
50.2     1
50.22    3
50.24    1
50.26    3
50.28    3
50.3     7
50.32    7
50.34    1
50.36    3
50.38    1
50.4     7
50.42    1
50.44    3
50.46    7
50.48    3
50.5     7
50.52    1
50.54    7
50.56    7
50.58    3
50.6     3
50.62    1
50.64    3
50.66    3
50.68    3
50.7     3
50.72    3
50.74    3
50.76    7
50.78    1
50.8     3
50.82    3
50.84    7
50.86    3
50.88    7
50.9     3
50.92    10
50.94    1
50.96    3
50.98    1
51.0     1
51.02    3
51.04    7
51.06    7
51.08    1
51.1     3
51.12    3
51.14    3
51.16    3
51.18    7
51.2     7
51.22    1
51.24    7
51.26    3
51.28    1
51.3     3
51.32    3
51.34    7
51.36    3
51.38    7
51.4     1
51.42    3
51.44    10
51.46    3
51.48    3
51.5     3
51.52    3
51.54    3
51.56    10
51.58    3
51.6     3
51.62    3
51.64    3
51.66    3
51.68    3
51.7     3
51.72    3
51.74    7
51.76    1
51.78    7
51.8     3
51.82    1
51.84    7
51.86    1
51.88    3
51.9     3
51.92    1
51.94    1
51.96    7
51.98    1
52.0     3
52.02    3
52.04    1
52.06    3
52.08    3
52.1     3
52.12    1
52.14    7
52.16    1
52.18    3
52.2     1
52.22    7
52.24    3
52.26    3
52.28    3
52.3     3
52.32    1
52.34    3
52.36    1
52.38    3
52.4     1
52.42    3
52.44    7
52.46    1
52.48    7
52.5     1
52.52    3
52.54    3
52.56    3
52.58    7
52.6     3
52.62    3
52.64    1
52.66    1
52.68    1
52.7     1
52.72    7
52.74    3
52.76    3
52.78    3
52.8     1
52.82    3
52.84    1
52.86    10
52.88    3
52.9     3
52.92    1
52.94    7
52.96    3
52.98    1
53.0     1
53.02    3
53.04    7
53.06    7
53.08    3
53.1     7
53.12    7
53.14    1
53.16    3
53.18    3
53.2     1
53.22    7
53.24    3
53.26    7
53.28    1
53.3     3
53.32    3
53.34    7
53.36    1
53.38    7
53.4     3
53.42    7
53.44    1
53.46    3
53.48    3
53.5     3
53.52    1
53.54    7
53.56    3
53.58    3
53.6     1
53.62    3
53.64    7
53.66    3
53.68    7
53.7     3
53.72    3
53.74    3
53.76    7
53.78    1
53.8     7
53.82    1
53.84    7
53.86    3
53.88    3
53.9     3
53.92    3
53.94    3
53.96    1
53.98    7
54.0     1
54.02    3
54.04    3
54.06    10
54.08    3
54.1     1
54.12    1
54.14    7
54.16    3
54.18    7
54.2     1
54.22    3
54.24    1
54.26    3
54.28    1
54.3     3
54.32    7
54.34    10
54.36    7
54.38    1
54.4     3
54.42    1
54.44    1
54.46    7
54.48    7
54.5     1
54.52    3
54.54    7
54.56    3
54.58    1
54.6     3
54.62    3
54.64    1
54.66    3
54.68    3
54.7     3
54.72    3
54.74    7
54.76    7
54.78    3
54.8     3
54.82    1
54.84    3
54.86    3
54.88    3
54.9     1
54.92    3
54.94    3
54.96    1
54.98    7
55.0     7
55.02    3
55.04    3
55.06    3
55.08    1
55.1     3
55.12    1
55.14    7
55.16    1
55.18    7
55.2     7
55.22    1
55.24    3
55.26    3
55.28    3
55.3     3
55.32    10
55.34    7
55.36    7
55.38    10
55.4     1
55.42    3
55.44    7
55.46    3
55.48    1
55.5     1
55.52    3
55.54    7
55.56    3
55.58    3
55.6     3
55.62    7
55.64    3
55.66    7
55.68    3
55.7     10
55.72    7
55.74    7
55.76    3
55.78    3
55.8     7
55.82    7
55.84    3
55.86    7
55.88    10
55.9     10
55.92    3
55.94    7
55.96    7
55.98    3
56.0     10
56.02    3
56.04    3
56.06    1
56.08    7
56.1     10
56.12    3
56.14    18
56.16    1
56.18    10
56.2     10
56.22    3
56.24    7
56.26    1
56.28    7
56.3     3
56.32    10
56.34    7
56.36    10
56.38    10
56.4     14
56.42    7
56.44    18
56.46    18
56.48    10
56.5     7
56.52    7
56.54    7
56.56    10
56.58    14
56.6     18
56.62    14
56.64    10
56.66    29
56.68    18
56.7     21
56.72    21
56.74    14
56.76    14
56.78    14
56.8     10
56.82    21
56.84    3
56.86    29
56.88    18
56.9     21
56.92    18
56.94    14
56.96    18
56.98    18
57.0     10
57.02    18
57.04    18
57.06    14
57.08    14
57.1     18
57.12    18
57.14    14
57.16    14
57.18    10
57.2     14
57.22    14
57.24    14
57.26    14
57.28    14
57.3     7
57.32    7
57.34    10
57.36    21
57.38    14
57.4     7
57.42    21
57.44    7
57.46    10
57.48    18
57.5     14
57.52    7
57.54    18
57.56    14
57.58    14
57.6     7
57.62    18
57.64    3
57.66    10
57.68    3
57.7     10
57.72    10
57.74    7
57.76    3
57.78    10
57.8     10
57.82    10
57.84    3
57.86    7
57.88    3
57.9     7
57.92    7
57.94    3
57.96    3
57.98    3
58.0     7
58.02    3
58.04    3
58.06    1
58.08    1
58.1     7
58.12    3
58.14    1
58.16    7
58.18    3
58.2     10
58.22    3
58.24    3
58.26    3
58.28    1
58.3     10
58.32    3
58.34    1
58.36    3
58.38    3
58.4     1
58.42    10
58.44    3
58.46    3
58.48    3
58.5     3
58.52    7
58.54    1
58.56    3
58.58    3
58.6     1
58.62    3
58.64    1
58.66    7
58.68    3
58.7     1
58.72    1
58.74    3
58.76    3
58.78    1
58.8     10
58.82    3
58.84    3
58.86    7
58.88    3
58.9     1
58.92    1
58.94    7
58.96    3
58.98    10
59.0     1
59.02    3
59.04    7
59.06    3
59.08    3
59.1     7
59.12    3
59.14    7
59.16    3
59.18    3
59.2     7
59.22    3
59.24    1
59.26    3
59.28    3
59.3     3
59.32    1
59.34    3
59.36    1
59.38    7
59.4     3
59.42    7
59.44    1
59.46    3
59.48    7
59.5     3
59.52    3
59.54    7
59.56    3
59.58    3
59.6     3
59.62    3
59.64    7
59.66    7
59.68    7
59.7     1
59.72    7
59.74    3
59.76    10
59.78    3
59.8     1
59.82    1
59.84    3
59.86    7
59.88    7
59.9     1
59.92    3
59.94    1
59.96    3
59.98    3
60.0     3
60.02    3
60.04    3
60.06    3
60.08    3
60.1     1
60.12    3
60.14    3
60.16    3
60.18    7
60.2     1
60.22    7
60.24    3
60.26    7
60.28    3
60.3     10
60.32    3
60.34    1
60.36    3
60.38    7
60.4     3
60.42    3
60.44    3
60.46    1
60.48    10
60.5     10
60.52    3
60.54    7
60.56    3
60.58    3
60.6     1
60.62    3
60.64    7
60.66    3
60.68    3
60.7     7
60.72    7
60.74    3
60.76    3
60.78    1
60.8     10
60.82    3
60.84    3
60.86    3
60.88    3
60.9     3
60.92    3
60.94    3
60.96    3
60.98    1
61.0     3
61.02    7
61.04    1
61.06    7
61.08    3
61.1     3
61.12    3
61.14    3
61.16    3
61.18    3
61.2     3
61.22    3
61.24    10
61.26    7
61.28    1
61.3     14
61.32    3
61.34    7
61.36    3
61.38    3
61.4     10
61.42    1
61.44    7
61.46    3
61.48    3
61.5     3
61.52    10
61.54    1
61.56    7
61.58    14
61.6     7
61.62    1
61.64    3
61.66    7
61.68    3
61.7     3
61.72    3
61.74    3
61.76    3
61.78    7
61.8     10
61.82    7
61.84    7
61.86    7
61.88    3
61.9     3
61.92    7
61.94    3
61.96    3
61.98    1
62.0     10
62.02    3
62.04    7
62.06    10
62.08    3
62.1     10
62.12    10
62.14    3
62.16    7
62.18    3
62.2     14
62.22    14
62.24    10
62.26    14
62.28    18
62.3     7
62.32    3
62.34    10
62.36    7
62.38    7
62.4     21
62.42    3
62.44    10
62.46    14
62.48    10
62.5     29
62.52    18
62.54    14
62.56    7
62.58    10
62.6     18
62.62    18
62.64    7
62.66    21
62.68    18
62.7     7
62.72    21
62.74    36
62.76    21
62.78    14
62.8     29
62.82    21
62.84    21
62.86    29
62.88    29
62.9     36
62.92    43
62.94    47
62.96    47
62.98    47
63.0     25
63.02    25
63.04    36
63.06    29
63.08    43
63.1     36
63.12    36
63.14    50
63.16    54
63.18    61
63.2     61
63.22    47
63.24    54
63.26    69
63.28    87
63.3     69
63.32    69
63.34    69
63.36    76
63.38    47
63.4     61
63.42    76
63.44    65
63.46    80
63.48    69
63.5     72
63.52    72
63.54    61
63.56    76
63.58    43
63.6     83
63.62    94
63.64    83
63.66    69
63.68    72
63.7     69
63.72    61
63.74    58
63.76    69
63.78    69
63.8     61
63.82    72
63.84    50
63.86    50
63.88    65
63.9     40
63.92    76
63.94    76
63.96    50
63.98    54
64.0     36
64.02    36
64.04    29
64.06    32
64.08    40
64.1     32
64.12    32
64.14    36
64.16    36
64.18    40
64.2     29
64.22    21
64.24    36
64.26    36
64.28    18
64.3     21
64.32    32
64.34    18
64.36    25
64.38    18
64.4     14
64.42    18
64.44    14
64.46    18
64.48    18
64.5     7
64.52    10
64.54    10
64.56    10
64.58    10
64.6     3
64.62    18
64.64    18
64.66    14
64.68    3
64.7     18
64.72    18
64.74    3
64.76    3
64.78    7
64.8     10
64.82    3
64.84    10
64.86    10
64.88    10
64.9     7
64.92    3
64.94    10
64.96    1
64.98    7
65.0     7
65.02    10
65.04    1
65.06    18
65.08    3
65.1     7
65.12    1
65.14    10
65.16    7
65.18    7
65.2     7
65.22    7
65.24    7
65.26    1
65.28    3
65.3     10
65.32    3
65.34    7
65.36    3
65.38    7
65.4     14
65.42    14
65.44    7
65.46    1
65.48    7
65.5     7
65.52    3
65.54    7
65.56    7
65.58    1
65.6     3
65.62    3
65.64    10
65.66    1
65.68    10
65.7     1
65.72    3
65.74    7
65.76    10
65.78    7
65.8     3
65.82    7
65.84    1
65.86    7
65.88    3
65.9     3
65.92    7
65.94    7
65.96    3
65.98    7
66.0     7
66.02    7
66.04    1
66.06    7
66.08    7
66.1     1
66.12    3
66.14    7
66.16    3
66.18    14
66.2     7
66.22    3
66.24    7
66.26    3
66.28    3
66.3     10
66.32    3
66.34    7
66.36    1
66.38    10
66.4     3
66.42    10
66.44    7
66.46    7
66.48    3
66.5     7
66.52    10
66.54    7
66.56    7
66.58    18
66.6     18
66.62    3
66.64    10
66.66    3
66.68    7
66.7     7
66.72    7
66.74    7
66.76    10
66.78    10
66.8     7
66.82    10
66.84    3
66.86    7
66.88    7
66.9     14
66.92    3
66.94    7
66.96    7
66.98    3
67.0     7
67.02    10
67.04    7
67.06    10
67.08    3
67.1     10
67.12    7
67.14    3
67.16    10
67.18    7
67.2     7
67.22    10
67.24    14
67.26    14
67.28    14
67.3     7
67.32    10
67.34    10
67.36    7
67.38    7
67.4     7
67.42    7
67.44    7
67.46    14
67.48    3
67.5     14
67.52    10
67.54    10
67.56    10
67.58    7
67.6     10
67.62    10
67.64    10
67.66    18
67.68    10
67.7     10
67.72    25
67.74    10
67.76    3
67.78    7
67.8     14
67.82    14
67.84    7
67.86    10
67.88    14
67.9     18
67.92    18
67.94    25
67.96    18
67.98    29
68.0     25
68.02    18
68.04    29
68.06    21
68.08    29
68.1     10
68.12    29
68.14    18
68.16    18
68.18    18
68.2     29
68.22    14
68.24    18
68.26    21
68.28    29
68.3     32
68.32    18
68.34    25
68.36    40
68.38    25
68.4     25
68.42    29
68.44    29
68.46    32
68.48    21
68.5     50
68.52    40
68.54    29
68.56    25
68.58    32
68.6     29
68.62    29
68.64    29
68.66    25
68.68    32
68.7     29
68.72    21
68.74    25
68.76    29
68.78    21
68.8     32
68.82    36
68.84    29
68.86    18
68.88    29
68.9     36
68.92    18
68.94    21
68.96    21
68.98    25
69.0     21
69.02    10
69.04    21
69.06    29
69.08    18
69.1     21
69.12    25
69.14    25
69.16    14
69.18    25
69.2     18
69.22    25
69.24    21
69.26    18
69.28    18
69.3     21
69.32    18
69.34    18
69.36    21
69.38    21
69.4     21
69.42    14
69.44    3
69.46    29
69.48    14
69.5     7
69.52    10
69.54    21
69.56    10
69.58    18
69.6     18
69.62    18
69.64    7
69.66    10
69.68    7
69.7     7
69.72    21
69.74    14
69.76    29
69.78    3
69.8     10
69.82    18
69.84    10
69.86    14
69.88    10
69.9     18
69.92    14
69.94    7
69.96    3
69.98    10
70.0     7
70.02    10
70.04    10
70.06    7
70.08    10
70.1     14
70.12    10
70.14    3
70.16    7
70.18    14
70.2     18
70.22    7
70.24    7
70.26    3
70.28    10
70.3     1
70.32    3
70.34    14
70.36    3
70.38    7
70.4     7
70.42    10
70.44    14
70.46    7
70.48    3
70.5     10
70.52    3
70.54    7
70.56    7
70.58    7
70.6     7
70.62    7
70.64    10
70.66    10
70.68    1
70.7     3
70.72    3
70.74    7
70.76    1
70.78    18
70.8     10
70.82    3
70.84    7
70.86    3
70.88    7
70.9     1
70.92    7
70.94    7
70.96    3
70.98    7
71.0     3
71.02    3
71.04    3
71.06    3
71.08    7
71.1     3
71.12    1
71.14    1
71.16    3
71.18    1
71.2     1
71.22    1
71.24    1
71.26    7
71.28    3
71.3     3
71.32    3
71.34    3
71.36    1
71.38    7
71.4     1
71.42    7
71.44    1
71.46    7
71.48    1
71.5     14
71.52    1
71.54    3
71.56    3
71.58    3
71.6     3
71.62    3
71.64    3
71.66    3
71.68    3
71.7     3
71.72    3
71.74    7
71.76    3
71.78    1
71.8     3
71.82    3
71.84    3
71.86    1
71.88    7
71.9     7
71.92    3
71.94    1
71.96    3
71.98    3
72.0     3
72.02    3
72.04    3
72.06    3
72.08    1
72.1     3
72.12    3
72.14    1
72.16    7
72.18    7
72.2     3
72.22    3
72.24    3
72.26    1
72.28    1
72.3     7
72.32    3
72.34    1
72.36    3
72.38    7
72.4     3
72.42    3
72.44    3
72.46    1
72.48    7
72.5     3
72.52    7
72.54    3
72.56    3
72.58    7
72.6     1
72.62    1
72.64    3
72.66    1
72.68    7
72.7     7
72.72    3
72.74    10
72.76    1
72.78    7
72.8     1
72.82    3
72.84    1
72.86    3
72.88    3
72.9     3
72.92    3
72.94    10
72.96    3
72.98    1
73.0     7
73.02    3
73.04    3
73.06    3
73.08    10
73.1     3
73.12    10
73.14    3
73.16    3
73.18    7
73.2     7
73.22    7
73.24    3
73.26    3
73.28    7
73.3     14
73.32    1
73.34    10
73.36    7
73.38    10
73.4     3
73.42    14
73.44    3
73.46    3
73.48    10
73.5     3
73.52    7
73.54    3
73.56    1
73.58    7
73.6     7
73.62    7
73.64    3
73.66    7
73.68    3
73.7     14
73.72    10
73.74    3
73.76    3
73.78    3
73.8     10
73.82    3
73.84    1
73.86    10
73.88    3
73.9     10
73.92    3
73.94    3
73.96    10
73.98    7
74.0     7
74.02    3
74.04    3
74.06    7
74.08    3
74.1     3
74.12    3
74.14    3
74.16    3
74.18    3
74.2     3
74.22    1
74.24    7
74.26    1
74.28    1
74.3     3
74.32    3
74.34    1
74.36    3
74.38    3
74.4     1
74.42    1
74.44    1
74.46    7
74.48    3
74.5     3
74.52    7
74.54    1
74.56    7
74.58    3
74.6     1
74.62    3
74.64    3
74.66    3
74.68    7
74.7     3
74.72    7
74.74    1
74.76    3
74.78    1
74.8     7
74.82    1
74.84    1
74.86    3
74.88    3
74.9     7
74.92    1
74.94    3
74.96    7
74.98    1
75.0     3
75.02    1
75.04    3
75.06    1
75.08    7
75.1     3
75.12    1
75.14    3
75.16    3
75.18    3
75.2     3
75.22    3
75.24    1
75.26    1
75.28    3
75.3     7
75.32    3
75.34    3
75.36    3
75.38    1
75.4     1
75.42    3
75.44    1
75.46    3
75.48    1
75.5     3
75.52    3
75.54    3
75.56    3
75.58    3
75.6     1
75.62    1
75.64    10
75.66    1
75.68    1
75.7     10
75.72    3
75.74    1
75.76    3
75.78    3
75.8     1
75.82    1
75.84    1
75.86    1
75.88    3
75.9     1
75.92    1
75.94    3
75.96    3
75.98    7
76.0     1
76.02    1
76.04    1
76.06    1
76.08    7
76.1     3
76.12    3
76.14    7
76.16    1
76.18    7
76.2     1
76.22    3
76.24    1
76.26    3
76.28    3
76.3     3
76.32    3
76.34    7
76.36    3
76.38    3
76.4     3
76.42    1
76.44    1
76.46    3
76.48    3
76.5     3
76.52    7
76.54    10
76.56    3
76.58    3
76.6     3
76.62    3
76.64    3
76.66    3
76.68    3
76.7     7
76.72    3
76.74    3
76.76    10
76.78    7
76.8     3
76.82    7
76.84    3
76.86    1
76.88    10
76.9     3
76.92    1
76.94    10
76.96    7
76.98    3
77.0     3
77.02    3
77.04    7
77.06    7
77.08    3
77.1     7
77.12    10
77.14    3
77.16    7
77.18    3
77.2     3
77.22    14
77.24    10
77.26    3
77.28    3
77.3     7
77.32    10
77.34    3
77.36    3
77.38    3
77.4     7
77.42    3
77.44    3
77.46    3
77.48    7
77.5     3
77.52    3
77.54    3
77.56    10
77.58    7
77.6     10
77.62    7
77.64    7
77.66    7
77.68    3
77.7     7
77.72    7
77.74    3
77.76    1
77.78    3
77.8     7
77.82    3
77.84    3
77.86    7
77.88    3
77.9     7
77.92    3
77.94    3
77.96    7
77.98    7
78.0     7
78.02    1
78.04    3
78.06    1
78.08    3
78.1     7
78.12    7
78.14    3
78.16    1
78.18    10
78.2     7
78.22    3
78.24    3
78.26    1
78.28    3
78.3     7
78.32    3
78.34    3
78.36    1
78.38    3
78.4     7
78.42    3
78.44    3
78.46    3
78.48    3
78.5     1
78.52    1
78.54    7
78.56    3
78.58    1
78.6     1
78.62    3
78.64    3
78.66    1
78.68    7
78.7     1
78.72    1
78.74    1
78.76    1
78.78    3
78.8     7
78.82    1
78.84    3
78.86    3
78.88    3
78.9     3
78.92    1
78.94    10
78.96    1
78.98    7
79.0     3
79.02    1
79.04    3
79.06    1
79.08    3
79.1     7
79.12    3
79.14    3
79.16    1
79.18    3
79.2     1
79.22    1
79.24    3
79.26    1
79.28    7
79.3     1
79.32    3
79.34    3
79.36    3
79.38    1
79.4     3
79.42    3
79.44    3
79.46    3
79.48    1
79.5     3
79.52    7
79.54    1
79.56    1
79.58    1
79.6     7
79.62    1
79.64    1
79.66    3
79.68    1
79.7     1
79.72    3
79.74    3
79.76    1
79.78    3
79.8     3
79.82    1
79.84    3
79.86    1
79.88    1
79.9     1
79.92    7
79.94    1
79.96    3
79.98    3
80.0     1
80.02    3
80.04    1
80.06    3
80.08    1
80.1     7
80.12    3
80.14    1
80.16    1
80.18    3
80.2     3
80.22    1
80.24    3
80.26    1
80.28    3
80.3     3
80.32    1
80.34    3
80.36    3
80.38    3
80.4     1
80.42    1
80.44    3
80.46    3
80.48    1
80.5     7
80.52    3
80.54    3
80.56    3
80.58    3
80.6     1
80.62    7
80.64    1
80.66    1
80.68    3
80.7     3
80.72    1
80.74    3
80.76    1
80.78    3
80.8     1
80.82    3
80.84    1
80.86    3
80.88    3
80.9     3
80.92    1
80.94    3
80.96    3
80.98    3
81.0     1
81.02    1
81.04    1
81.06    1
81.08    3
81.1     1
81.12    3
81.14    3
81.16    3
81.18    7
81.2     3
81.22    7
81.24    1
81.26    3
81.28    3
81.3     1
81.32    3
81.34    1
81.36    7
81.38    3
81.4     3
81.42    3
81.44    3
81.46    1
81.48    3
81.5     3
81.52    7
81.54    3
81.56    7
81.58    7
81.6     1
81.62    3
81.64    1
81.66    7
81.68    7
81.7     7
81.72    3
81.74    3
81.76    7
81.78    3
81.8     14
81.82    7
81.84    3
81.86    3
81.88    1
81.9     3
81.92    3
81.94    7
81.96    3
81.98    3
82.0     3
82.02    10
82.04    1
82.06    7
82.08    14
82.1     3
82.12    3
82.14    10
82.16    3
82.18    10
82.2     10
82.22    10
82.24    10
82.26    7
82.28    7
82.3     10
82.32    7
82.34    14
82.36    7
82.38    7
82.4     7
82.42    3
82.44    10
82.46    3
82.48    7
82.5     18
82.52    7
82.54    10
82.56    7
82.58    7
82.6     3
82.62    3
82.64    7
82.66    3
82.68    7
82.7     10
82.72    1
82.74    3
82.76    3
82.78    3
82.8     7
82.82    7
82.84    3
82.86    7
82.88    3
82.9     7
82.92    3
82.94    3
82.96    3
82.98    10
83.0     3
83.02    1
83.04    10
83.06    3
83.08    3
83.1     3
83.12    1
83.14    3
83.16    3
83.18    3
83.2     3
83.22    1
83.24    3
83.26    3
83.28    7
83.3     3
83.32    1
83.34    10
83.36    7
83.38    1
83.4     3
83.42    3
83.44    3
83.46    3
83.48    3
83.5     3
83.52    1
83.54    3
83.56    3
83.58    7
83.6     3
83.62    1
83.64    3
83.66    7
83.68    1
83.7     1
83.72    3
83.74    3
83.76    1
83.78    3
83.8     7
83.82    3
83.84    7
83.86    1
83.88    1
83.9     3
83.92    3
83.94    1
83.96    3
83.98    7
84.0     1
84.02    1
84.04    3
84.06    3
84.08    3
84.1     1
84.12    1
84.14    3
84.16    1
84.18    7
84.2     3
84.22    3
84.24    1
84.26    1
84.28    3
84.3     7
84.32    1
84.34    3
84.36    1
84.38    1
84.4     7
84.42    1
84.44    1
84.46    3
84.48    3
84.5     3
84.52    1
84.54    1
84.56    1
84.58    3
84.6     7
84.62    3
84.64    3
84.66    3
84.68    3
84.7     3
84.72    1
84.74    3
84.76    1
84.78    1
84.8     3
84.82    1
84.84    3
84.86    7
84.88    1
84.9     3
84.92    1
84.94    3
84.96    1
84.98    1
85.0     1
85.02    1
85.04    1
85.06    7
85.08    7
85.1     1
85.12    3
85.14    1
85.16    1
85.18    3
85.2     3
85.22    1
85.24    3
85.26    3
85.28    1
85.3     1
85.32    1
85.34    7
85.36    1
85.38    1
85.4     1
85.42    1
85.44    3
85.46    3
85.48    1
85.5     3
85.52    10
85.54    1
85.56    7
85.58    1
85.6     1
85.62    1
85.64    3
85.66    1
85.68    3
85.7     1
85.72    3
85.74    1
85.76    3
85.78    1
85.8     3
85.82    7
85.84    1
85.86    3
85.88    3
85.9     3
85.92    3
85.94    1
85.96    3
85.98    1
86.0     3
86.02    1
86.04    1
86.06    7
86.08    1
86.1     3
86.12    1
86.14    3
86.16    1
86.18    3
86.2     3
86.22    1
86.24    3
86.26    3
86.28    1
86.3     3
86.32    1
86.34    3
86.36    3
86.38    3
86.4     3
86.42    3
86.44    3
86.46    3
86.48    3
86.5     3
86.52    1
86.54    1
86.56    3
86.58    1
86.6     1
86.62    3
86.64    1
86.66    3
86.68    3
86.7     3
86.72    3
86.74    1
86.76    1
86.78    3
86.8     1
86.82    3
86.84    3
86.86    1
86.88    3
86.9     3
86.92    1
86.94    3
86.96    3
86.98    1
87.0     1
87.02    3
87.04    3
87.06    1
87.08    1
87.1     1
87.12    1
87.14    7
87.16    1
87.18    3
87.2     3
87.22    1
87.24    3
87.26    3
87.28    1
87.3     1
87.32    3
87.34    3
87.36    1
87.38    3
87.4     3
87.42    3
87.44    3
87.46    1
87.48    7
87.5     1
87.52    7
87.54    3
87.56    1
87.58    1
87.6     3
87.62    1
87.64    3
87.66    3
87.68    3
87.7     3
87.72    1
87.74    1
87.76    1
87.78    3
87.8     3
87.82    1
87.84    3
87.86    10
87.88    3
87.9     3
87.92    1
87.94    1
87.96    3
87.98    1
88.0     1
88.02    1
88.04    3
88.06    3
88.08    3
88.1     1
88.12    3
88.14    1
88.16    1
88.18    3
88.2     1
88.22    3
88.24    3
88.26    3
88.28    3
88.3     1
88.32    1
88.34    1
88.36    7
88.38    1
88.4     3
88.42    1
88.44    3
88.46    1
88.48    1
88.5     3
88.52    1
88.54    3
88.56    7
88.58    1
88.6     3
88.62    3
88.64    1
88.66    1
88.68    3
88.7     1
88.72    1
88.74    3
88.76    3
88.78    3
88.8     3
88.82    3
88.84    1
88.86    3
88.88    3
88.9     1
88.92    3
88.94    1
88.96    1
88.98    7
89.0     3
89.02    3
89.04    1
89.06    3
89.08    3
89.1     7
89.12    1
89.14    3
89.16    10
89.18    7
89.2     3
89.22    3
89.24    7
89.26    3
89.28    3
89.3     3
89.32    7
89.34    1
89.36    3
89.38    7
89.4     1
89.42    3
89.44    7
89.46    3
89.48    3
89.5     7
89.52    10
89.54    3
89.56    10
89.58    7
89.6     7
89.62    10
89.64    1
89.66    10
89.68    3
89.7     18
89.72    1
89.74    14
89.76    7
89.78    7
89.8     3
89.82    7
89.84    10
89.86    7
89.88    7
89.9     18
89.92    7
89.94    14
89.96    3
89.98    10
90.0     18
